Temperature (K)	Pressure (atm)	Density (kg/m3)	Volume (m3/kg)	Internal Energy (kJ/kg)	Enthalpy (kJ/kg)	Entropy (J/g*K)	Cv (J/g*K)	Cp (J/g*K)	Sound Spd. (m/s)	Joule-Thomson (F/atm)	Viscosity (Pa*s)	Therm. Cond. (W/m*K)	Phase
100.00	1.0000	4.9819	0.20073	30.332	50.671	3.2962	0.32070	0.54740	184.14	4.5685	8.1997e-06	0.0063539	vapor
101.00	1.0000	4.9292	0.20287	30.662	51.218	3.3016	0.32034	0.54645	185.12	4.4817	8.2828e-06	0.0064207	vapor
102.00	1.0000	4.8778	0.20501	30.991	51.764	3.3070	0.32000	0.54555	186.11	4.3977	8.3659e-06	0.0064875	vapor
103.00	1.0000	4.8274	0.20715	31.320	52.309	3.3123	0.31967	0.54470	187.08	4.3164	8.4488e-06	0.0065541	vapor
104.00	1.0000	4.7782	0.20928	31.648	52.853	3.3176	0.31937	0.54388	188.05	4.2378	8.5316e-06	0.0066208	vapor
105.00	1.0000	4.7300	0.21142	31.975	53.397	3.3228	0.31908	0.54311	189.01	4.1617	8.6143e-06	0.0066873	vapor
106.00	1.0000	4.6828	0.21355	32.302	53.940	3.3280	0.31881	0.54237	189.97	4.0879	8.6969e-06	0.0067537	vapor
107.00	1.0000	4.6366	0.21568	32.628	54.482	3.3330	0.31855	0.54167	190.92	4.0164	8.7794e-06	0.0068200	vapor
108.00	1.0000	4.5913	0.21780	32.954	55.023	3.3381	0.31831	0.54100	191.87	3.9471	8.8618e-06	0.0068862	vapor
109.00	1.0000	4.5470	0.21993	33.280	55.564	3.3431	0.31808	0.54036	192.80	3.8798	8.9441e-06	0.0069522	vapor
110.00	1.0000	4.5035	0.22205	33.605	56.104	3.3480	0.31786	0.53975	193.74	3.8145	9.0263e-06	0.0070181	vapor
111.00	1.0000	4.4609	0.22417	33.929	56.643	3.3529	0.31765	0.53917	194.66	3.7511	9.1083e-06	0.0070839	vapor
112.00	1.0000	4.4192	0.22629	34.254	57.182	3.3577	0.31745	0.53861	195.59	3.6896	9.1903e-06	0.0071495	vapor
113.00	1.0000	4.3782	0.22840	34.578	57.720	3.3625	0.31726	0.53808	196.50	3.6298	9.2721e-06	0.0072150	vapor
114.00	1.0000	4.3380	0.23052	34.901	58.258	3.3672	0.31708	0.53757	197.41	3.5716	9.3538e-06	0.0072804	vapor
115.00	1.0000	4.2986	0.23263	35.224	58.796	3.3719	0.31691	0.53708	198.32	3.5151	9.4354e-06	0.0073456	vapor
116.00	1.0000	4.2600	0.23474	35.547	59.332	3.3766	0.31675	0.53661	199.22	3.4601	9.5169e-06	0.0074107	vapor
117.00	1.0000	4.2220	0.23685	35.870	59.869	3.3812	0.31660	0.53616	200.12	3.4065	9.5983e-06	0.0074756	vapor
118.00	1.0000	4.1847	0.23896	36.192	60.405	3.3857	0.31645	0.53573	201.01	3.3544	9.6796e-06	0.0075404	vapor
119.00	1.0000	4.1481	0.24107	36.514	60.940	3.3903	0.31631	0.53532	201.90	3.3037	9.7607e-06	0.0076050	vapor
120.00	1.0000	4.1122	0.24318	36.835	61.475	3.3947	0.31617	0.53492	202.78	3.2543	9.8417e-06	0.0076695	vapor
121.00	1.0000	4.0769	0.24528	37.157	62.010	3.3992	0.31604	0.53454	203.66	3.2061	9.9227e-06	0.0077339	vapor
122.00	1.0000	4.0422	0.24739	37.478	62.545	3.4036	0.31592	0.53417	204.53	3.1592	1.0003e-05	0.0077981	vapor
123.00	1.0000	4.0082	0.24949	37.799	63.079	3.4079	0.31580	0.53382	205.40	3.1134	1.0084e-05	0.0078622	vapor
124.00	1.0000	3.9747	0.25159	38.119	63.612	3.4122	0.31569	0.53348	206.27	3.0688	1.0165e-05	0.0079262	vapor
125.00	1.0000	3.9418	0.25369	38.440	64.145	3.4165	0.31558	0.53315	207.13	3.0252	1.0245e-05	0.0079900	vapor
126.00	1.0000	3.9094	0.25579	38.760	64.678	3.4208	0.31548	0.53283	207.99	2.9827	1.0326e-05	0.0080537	vapor
127.00	1.0000	3.8776	0.25789	39.080	65.211	3.4250	0.31538	0.53253	208.84	2.9412	1.0406e-05	0.0081172	vapor
128.00	1.0000	3.8463	0.25999	39.400	65.744	3.4292	0.31528	0.53224	209.69	2.9007	1.0486e-05	0.0081806	vapor
129.00	1.0000	3.8155	0.26209	39.720	66.276	3.4333	0.31519	0.53195	210.54	2.8612	1.0566e-05	0.0082439	vapor
130.00	1.0000	3.7853	0.26418	40.039	66.807	3.4374	0.31510	0.53168	211.38	2.8225	1.0646e-05	0.0083071	vapor
131.00	1.0000	3.7555	0.26628	40.358	67.339	3.4415	0.31502	0.53142	212.22	2.7848	1.0725e-05	0.0083701	vapor
132.00	1.0000	3.7262	0.26837	40.677	67.870	3.4455	0.31494	0.53116	213.05	2.7478	1.0805e-05	0.0084330	vapor
133.00	1.0000	3.6973	0.27047	40.996	68.401	3.4495	0.31486	0.53091	213.88	2.7118	1.0885e-05	0.0084958	vapor
134.00	1.0000	3.6689	0.27256	41.315	68.932	3.4535	0.31478	0.53068	214.71	2.6765	1.0964e-05	0.0085585	vapor
135.00	1.0000	3.6410	0.27465	41.634	69.463	3.4575	0.31471	0.53045	215.53	2.6420	1.1043e-05	0.0086210	vapor
136.00	1.0000	3.6135	0.27674	41.952	69.993	3.4614	0.31464	0.53022	216.35	2.6082	1.1122e-05	0.0086835	vapor
137.00	1.0000	3.5864	0.27883	42.271	70.523	3.4653	0.31458	0.53001	217.17	2.5752	1.1202e-05	0.0087458	vapor
138.00	1.0000	3.5597	0.28092	42.589	71.053	3.4691	0.31451	0.52980	217.98	2.5428	1.1280e-05	0.0088080	vapor
139.00	1.0000	3.5334	0.28301	42.907	71.583	3.4729	0.31445	0.52960	218.79	2.5112	1.1359e-05	0.0088700	vapor
140.00	1.0000	3.5076	0.28510	43.225	72.112	3.4767	0.31439	0.52940	219.59	2.4802	1.1438e-05	0.0089320	vapor
141.00	1.0000	3.4821	0.28719	43.542	72.642	3.4805	0.31433	0.52921	220.40	2.4498	1.1517e-05	0.0089938	vapor
142.00	1.0000	3.4570	0.28927	43.860	73.171	3.4842	0.31428	0.52903	221.20	2.4201	1.1595e-05	0.0090556	vapor
143.00	1.0000	3.4322	0.29136	44.178	73.700	3.4879	0.31422	0.52885	221.99	2.3909	1.1673e-05	0.0091172	vapor
144.00	1.0000	3.4078	0.29344	44.495	74.228	3.4916	0.31417	0.52868	222.79	2.3624	1.1752e-05	0.0091787	vapor
145.00	1.0000	3.3838	0.29553	44.812	74.757	3.4953	0.31412	0.52851	223.58	2.3344	1.1830e-05	0.0092401	vapor
146.00	1.0000	3.3601	0.29761	45.130	75.285	3.4989	0.31407	0.52835	224.37	2.3069	1.1908e-05	0.0093014	vapor
147.00	1.0000	3.3367	0.29970	45.447	75.814	3.5025	0.31403	0.52819	225.15	2.2800	1.1986e-05	0.0093626	vapor
148.00	1.0000	3.3137	0.30178	45.764	76.342	3.5061	0.31398	0.52803	225.93	2.2537	1.2063e-05	0.0094236	vapor
149.00	1.0000	3.2909	0.30386	46.081	76.870	3.5097	0.31394	0.52788	226.71	2.2278	1.2141e-05	0.0094846	vapor
150.00	1.0000	3.2685	0.30595	46.397	77.398	3.5132	0.31390	0.52774	227.49	2.2024	1.2219e-05	0.0095454	vapor
151.00	1.0000	3.2465	0.30803	46.714	77.925	3.5167	0.31386	0.52760	228.26	2.1775	1.2296e-05	0.0096062	vapor
152.00	1.0000	3.2247	0.31011	47.031	78.453	3.5202	0.31382	0.52746	229.03	2.1530	1.2373e-05	0.0096668	vapor
153.00	1.0000	3.2032	0.31219	47.347	78.980	3.5236	0.31378	0.52733	229.80	2.1290	1.2450e-05	0.0097274	vapor
154.00	1.0000	3.1820	0.31427	47.664	79.507	3.5271	0.31374	0.52720	230.56	2.1055	1.2527e-05	0.0097878	vapor
155.00	1.0000	3.1610	0.31635	47.980	80.035	3.5305	0.31371	0.52707	231.32	2.0823	1.2604e-05	0.0098482	vapor
156.00	1.0000	3.1404	0.31843	48.297	80.562	3.5339	0.31367	0.52695	232.08	2.0596	1.2681e-05	0.0099084	vapor
157.00	1.0000	3.1200	0.32051	48.613	81.088	3.5372	0.31364	0.52683	232.84	2.0373	1.2758e-05	0.0099686	vapor
158.00	1.0000	3.0999	0.32259	48.929	81.615	3.5406	0.31361	0.52672	233.59	2.0154	1.2835e-05	0.010029	vapor
159.00	1.0000	3.0801	0.32467	49.245	82.142	3.5439	0.31358	0.52660	234.34	1.9939	1.2911e-05	0.010089	vapor
160.00	1.0000	3.0605	0.32674	49.561	82.668	3.5472	0.31355	0.52649	235.09	1.9727	1.2987e-05	0.010148	vapor
161.00	1.0000	3.0412	0.32882	49.877	83.195	3.5505	0.31352	0.52638	235.84	1.9519	1.3064e-05	0.010208	vapor
162.00	1.0000	3.0221	0.33090	50.193	83.721	3.5538	0.31349	0.52628	236.58	1.9315	1.3140e-05	0.010268	vapor
163.00	1.0000	3.0032	0.33298	50.509	84.247	3.5570	0.31346	0.52618	237.32	1.9114	1.3216e-05	0.010327	vapor
164.00	1.0000	2.9846	0.33505	50.824	84.774	3.5602	0.31343	0.52608	238.06	1.8917	1.3292e-05	0.010387	vapor
165.00	1.0000	2.9662	0.33713	51.140	85.300	3.5634	0.31341	0.52598	238.80	1.8723	1.3368e-05	0.010446	vapor
166.00	1.0000	2.9481	0.33920	51.456	85.825	3.5666	0.31338	0.52589	239.53	1.8532	1.3443e-05	0.010505	vapor
167.00	1.0000	2.9301	0.34128	51.771	86.351	3.5697	0.31336	0.52580	240.26	1.8344	1.3519e-05	0.010565	vapor
168.00	1.0000	2.9124	0.34336	52.087	86.877	3.5729	0.31333	0.52571	240.99	1.8159	1.3594e-05	0.010624	vapor
169.00	1.0000	2.8949	0.34543	52.402	87.403	3.5760	0.31331	0.52562	241.72	1.7977	1.3670e-05	0.010683	vapor
170.00	1.0000	2.8777	0.34750	52.717	87.928	3.5791	0.31329	0.52553	242.44	1.7798	1.3745e-05	0.010741	vapor
171.00	1.0000	2.8606	0.34958	53.033	88.454	3.5822	0.31327	0.52545	243.16	1.7622	1.3820e-05	0.010800	vapor
172.00	1.0000	2.8437	0.35165	53.348	88.979	3.5852	0.31325	0.52537	243.88	1.7449	1.3895e-05	0.010859	vapor
173.00	1.0000	2.8270	0.35373	53.663	89.505	3.5883	0.31322	0.52529	244.60	1.7279	1.3970e-05	0.010917	vapor
174.00	1.0000	2.8106	0.35580	53.978	90.030	3.5913	0.31320	0.52521	245.32	1.7111	1.4045e-05	0.010976	vapor
175.00	1.0000	2.7943	0.35787	54.294	90.555	3.5943	0.31318	0.52513	246.03	1.6946	1.4120e-05	0.011034	vapor
176.00	1.0000	2.7782	0.35995	54.609	91.080	3.5973	0.31317	0.52506	246.74	1.6783	1.4194e-05	0.011093	vapor
177.00	1.0000	2.7623	0.36202	54.924	91.605	3.6003	0.31315	0.52499	247.45	1.6623	1.4269e-05	0.011151	vapor
178.00	1.0000	2.7466	0.36409	55.239	92.130	3.6033	0.31313	0.52491	248.16	1.6465	1.4343e-05	0.011209	vapor
179.00	1.0000	2.7310	0.36616	55.554	92.655	3.6062	0.31311	0.52485	248.86	1.6310	1.4417e-05	0.011267	vapor
180.00	1.0000	2.7157	0.36823	55.868	93.180	3.6091	0.31309	0.52478	249.56	1.6157	1.4491e-05	0.011325	vapor
181.00	1.0000	2.7005	0.37030	56.183	93.704	3.6120	0.31308	0.52471	250.26	1.6006	1.4565e-05	0.011383	vapor
182.00	1.0000	2.6855	0.37238	56.498	94.229	3.6149	0.31306	0.52465	250.96	1.5857	1.4639e-05	0.011441	vapor
183.00	1.0000	2.6706	0.37445	56.813	94.754	3.6178	0.31305	0.52458	251.66	1.5711	1.4713e-05	0.011498	vapor
184.00	1.0000	2.6559	0.37652	57.128	95.278	3.6206	0.31303	0.52452	252.35	1.5567	1.4787e-05	0.011556	vapor
185.00	1.0000	2.6414	0.37859	57.442	95.803	3.6235	0.31302	0.52446	253.05	1.5424	1.4860e-05	0.011614	vapor
186.00	1.0000	2.6270	0.38066	57.757	96.327	3.6263	0.31300	0.52440	253.74	1.5284	1.4934e-05	0.011671	vapor
187.00	1.0000	2.6128	0.38273	58.072	96.852	3.6291	0.31299	0.52434	254.42	1.5146	1.5007e-05	0.011728	vapor
188.00	1.0000	2.5988	0.38480	58.386	97.376	3.6319	0.31297	0.52429	255.11	1.5010	1.5081e-05	0.011786	vapor
189.00	1.0000	2.5849	0.38687	58.701	97.900	3.6347	0.31296	0.52423	255.80	1.4876	1.5154e-05	0.011843	vapor
190.00	1.0000	2.5711	0.38894	59.015	98.424	3.6375	0.31295	0.52417	256.48	1.4743	1.5227e-05	0.011900	vapor
191.00	1.0000	2.5575	0.39101	59.330	98.948	3.6402	0.31293	0.52412	257.16	1.4613	1.5300e-05	0.011957	vapor
192.00	1.0000	2.5440	0.39308	59.644	99.473	3.6430	0.31292	0.52407	257.84	1.4484	1.5373e-05	0.012014	vapor
193.00	1.0000	2.5307	0.39514	59.959	99.997	3.6457	0.31291	0.52402	258.52	1.4357	1.5445e-05	0.012071	vapor
194.00	1.0000	2.5175	0.39721	60.273	100.52	3.6484	0.31290	0.52397	259.19	1.4231	1.5518e-05	0.012127	vapor
195.00	1.0000	2.5045	0.39928	60.587	101.04	3.6511	0.31288	0.52392	259.86	1.4108	1.5590e-05	0.012184	vapor
196.00	1.0000	2.4916	0.40135	60.902	101.57	3.6538	0.31287	0.52387	260.54	1.3986	1.5663e-05	0.012241	vapor
197.00	1.0000	2.4788	0.40342	61.216	102.09	3.6564	0.31286	0.52382	261.21	1.3866	1.5735e-05	0.012297	vapor
198.00	1.0000	2.4662	0.40549	61.530	102.62	3.6591	0.31285	0.52378	261.87	1.3747	1.5807e-05	0.012353	vapor
199.00	1.0000	2.4537	0.40755	61.844	103.14	3.6617	0.31284	0.52373	262.54	1.3630	1.5879e-05	0.012410	vapor
200.00	1.0000	2.4413	0.40962	62.159	103.66	3.6643	0.31283	0.52369	263.21	1.3514	1.5951e-05	0.012466	vapor
201.00	1.0000	2.4290	0.41169	62.473	104.19	3.6670	0.31282	0.52364	263.87	1.3400	1.6023e-05	0.012522	vapor
202.00	1.0000	2.4169	0.41376	62.787	104.71	3.6696	0.31281	0.52360	264.53	1.3287	1.6095e-05	0.012578	vapor
203.00	1.0000	2.4049	0.41582	63.101	105.23	3.6721	0.31280	0.52356	265.19	1.3176	1.6167e-05	0.012634	vapor
204.00	1.0000	2.3930	0.41789	63.415	105.76	3.6747	0.31279	0.52351	265.85	1.3066	1.6238e-05	0.012690	vapor
205.00	1.0000	2.3812	0.41996	63.729	106.28	3.6773	0.31278	0.52347	266.50	1.2958	1.6310e-05	0.012746	vapor
206.00	1.0000	2.3695	0.42202	64.043	106.80	3.6798	0.31277	0.52343	267.16	1.2851	1.6381e-05	0.012802	vapor
207.00	1.0000	2.3580	0.42409	64.357	107.33	3.6824	0.31276	0.52340	267.81	1.2745	1.6453e-05	0.012857	vapor
208.00	1.0000	2.3466	0.42616	64.671	107.85	3.6849	0.31275	0.52336	268.46	1.2641	1.6524e-05	0.012913	vapor
209.00	1.0000	2.3352	0.42822	64.985	108.38	3.6874	0.31275	0.52332	269.11	1.2538	1.6595e-05	0.012968	vapor
210.00	1.0000	2.3240	0.43029	65.299	108.90	3.6899	0.31274	0.52328	269.76	1.2436	1.6666e-05	0.013024	vapor
211.00	1.0000	2.3129	0.43235	65.613	109.42	3.6924	0.31273	0.52325	270.40	1.2335	1.6737e-05	0.013079	vapor
212.00	1.0000	2.3019	0.43442	65.927	109.94	3.6948	0.31272	0.52321	271.05	1.2236	1.6808e-05	0.013134	vapor
213.00	1.0000	2.2910	0.43649	66.241	110.47	3.6973	0.31271	0.52318	271.69	1.2138	1.6878e-05	0.013190	vapor
214.00	1.0000	2.2802	0.43855	66.555	110.99	3.6998	0.31271	0.52314	272.33	1.2041	1.6949e-05	0.013245	vapor
215.00	1.0000	2.2695	0.44062	66.869	111.51	3.7022	0.31270	0.52311	272.97	1.1945	1.7019e-05	0.013300	vapor
216.00	1.0000	2.2590	0.44268	67.183	112.04	3.7046	0.31269	0.52307	273.61	1.1850	1.7090e-05	0.013355	vapor
217.00	1.0000	2.2485	0.44475	67.496	112.56	3.7070	0.31268	0.52304	274.25	1.1757	1.7160e-05	0.013410	vapor
218.00	1.0000	2.2381	0.44681	67.810	113.08	3.7094	0.31268	0.52301	274.88	1.1665	1.7230e-05	0.013464	vapor
219.00	1.0000	2.2278	0.44888	68.124	113.61	3.7118	0.31267	0.52298	275.52	1.1573	1.7300e-05	0.013519	vapor
220.00	1.0000	2.2176	0.45094	68.438	114.13	3.7142	0.31266	0.52295	276.15	1.1483	1.7370e-05	0.013574	vapor
221.00	1.0000	2.2075	0.45301	68.751	114.65	3.7166	0.31266	0.52292	276.78	1.1394	1.7440e-05	0.013628	vapor
222.00	1.0000	2.1975	0.45507	69.065	115.18	3.7190	0.31265	0.52289	277.41	1.1305	1.7510e-05	0.013683	vapor
223.00	1.0000	2.1875	0.45714	69.379	115.70	3.7213	0.31264	0.52286	278.04	1.1218	1.7580e-05	0.013737	vapor
224.00	1.0000	2.1777	0.45920	69.693	116.22	3.7236	0.31264	0.52283	278.67	1.1132	1.7649e-05	0.013792	vapor
225.00	1.0000	2.1680	0.46126	70.006	116.74	3.7260	0.31263	0.52280	279.29	1.1047	1.7719e-05	0.013846	vapor
226.00	1.0000	2.1583	0.46333	70.320	117.27	3.7283	0.31263	0.52277	279.91	1.0963	1.7788e-05	0.013900	vapor
227.00	1.0000	2.1487	0.46539	70.633	117.79	3.7306	0.31262	0.52275	280.54	1.0879	1.7857e-05	0.013954	vapor
228.00	1.0000	2.1392	0.46746	70.947	118.31	3.7329	0.31261	0.52272	281.16	1.0797	1.7927e-05	0.014008	vapor
229.00	1.0000	2.1298	0.46952	71.261	118.83	3.7352	0.31261	0.52269	281.78	1.0715	1.7996e-05	0.014062	vapor
230.00	1.0000	2.1205	0.47158	71.574	119.36	3.7375	0.31260	0.52267	282.39	1.0635	1.8065e-05	0.014116	vapor
231.00	1.0000	2.1113	0.47365	71.888	119.88	3.7397	0.31260	0.52264	283.01	1.0555	1.8134e-05	0.014170	vapor
232.00	1.0000	2.1021	0.47571	72.201	120.40	3.7420	0.31259	0.52262	283.63	1.0476	1.8202e-05	0.014223	vapor
233.00	1.0000	2.0930	0.47777	72.515	120.93	3.7442	0.31259	0.52259	284.24	1.0398	1.8271e-05	0.014277	vapor
234.00	1.0000	2.0840	0.47984	72.828	121.45	3.7465	0.31258	0.52257	284.85	1.0321	1.8340e-05	0.014331	vapor
235.00	1.0000	2.0751	0.48190	73.142	121.97	3.7487	0.31258	0.52254	285.46	1.0245	1.8408e-05	0.014384	vapor
236.00	1.0000	2.0663	0.48396	73.455	122.49	3.7509	0.31257	0.52252	286.07	1.0169	1.8477e-05	0.014438	vapor
237.00	1.0000	2.0575	0.48603	73.769	123.02	3.7531	0.31257	0.52249	286.68	1.0095	1.8545e-05	0.014491	vapor
238.00	1.0000	2.0488	0.48809	74.082	123.54	3.7553	0.31256	0.52247	287.29	1.0021	1.8613e-05	0.014544	vapor
239.00	1.0000	2.0402	0.49015	74.396	124.06	3.7575	0.31256	0.52245	287.90	0.99476	1.8682e-05	0.014597	vapor
240.00	1.0000	2.0316	0.49221	74.709	124.58	3.7597	0.31255	0.52243	288.50	0.98752	1.8750e-05	0.014651	vapor
241.00	1.0000	2.0232	0.49428	75.023	125.11	3.7619	0.31255	0.52241	289.10	0.98036	1.8818e-05	0.014704	vapor
242.00	1.0000	2.0147	0.49634	75.336	125.63	3.7640	0.31255	0.52238	289.70	0.97328	1.8886e-05	0.014757	vapor
243.00	1.0000	2.0064	0.49840	75.649	126.15	3.7662	0.31254	0.52236	290.31	0.96626	1.8953e-05	0.014810	vapor
244.00	1.0000	1.9981	0.50046	75.963	126.67	3.7683	0.31254	0.52234	290.91	0.95932	1.9021e-05	0.014862	vapor
245.00	1.0000	1.9899	0.50253	76.276	127.19	3.7705	0.31253	0.52232	291.50	0.95245	1.9089e-05	0.014915	vapor
246.00	1.0000	1.9818	0.50459	76.590	127.72	3.7726	0.31253	0.52230	292.10	0.94565	1.9156e-05	0.014968	vapor
247.00	1.0000	1.9737	0.50665	76.903	128.24	3.7747	0.31252	0.52228	292.70	0.93892	1.9224e-05	0.015021	vapor
248.00	1.0000	1.9657	0.50871	77.216	128.76	3.7768	0.31252	0.52226	293.29	0.93226	1.9291e-05	0.015073	vapor
249.00	1.0000	1.9578	0.51078	77.530	129.28	3.7789	0.31252	0.52224	293.88	0.92566	1.9358e-05	0.015126	vapor
250.00	1.0000	1.9499	0.51284	77.843	129.81	3.7810	0.31251	0.52222	294.48	0.91913	1.9426e-05	0.015178	vapor
251.00	1.0000	1.9421	0.51490	78.156	130.33	3.7831	0.31251	0.52220	295.07	0.91267	1.9493e-05	0.015230	vapor
252.00	1.0000	1.9344	0.51696	78.469	130.85	3.7852	0.31251	0.52219	295.66	0.90627	1.9560e-05	0.015283	vapor
253.00	1.0000	1.9267	0.51902	78.783	131.37	3.7873	0.31250	0.52217	296.24	0.89993	1.9627e-05	0.015335	vapor
254.00	1.0000	1.9191	0.52108	79.096	131.89	3.7893	0.31250	0.52215	296.83	0.89365	1.9693e-05	0.015387	vapor
255.00	1.0000	1.9115	0.52315	79.409	132.42	3.7914	0.31250	0.52213	297.42	0.88744	1.9760e-05	0.015439	vapor
256.00	1.0000	1.9040	0.52521	79.722	132.94	3.7934	0.31249	0.52211	298.00	0.88128	1.9827e-05	0.015491	vapor
257.00	1.0000	1.8966	0.52727	80.036	133.46	3.7954	0.31249	0.52210	298.59	0.87519	1.9893e-05	0.015543	vapor
258.00	1.0000	1.8892	0.52933	80.349	133.98	3.7975	0.31249	0.52208	299.17	0.86915	1.9960e-05	0.015595	vapor
259.00	1.0000	1.8819	0.53139	80.662	134.51	3.7995	0.31248	0.52206	299.75	0.86317	2.0026e-05	0.015647	vapor
260.00	1.0000	1.8746	0.53345	80.975	135.03	3.8015	0.31248	0.52205	300.33	0.85725	2.0092e-05	0.015698	vapor
261.00	1.0000	1.8674	0.53551	81.289	135.55	3.8035	0.31248	0.52203	300.91	0.85139	2.0159e-05	0.015750	vapor
262.00	1.0000	1.8602	0.53757	81.602	136.07	3.8055	0.31247	0.52201	301.49	0.84558	2.0225e-05	0.015802	vapor
263.00	1.0000	1.8531	0.53964	81.915	136.59	3.8075	0.31247	0.52200	302.06	0.83982	2.0291e-05	0.015853	vapor
264.00	1.0000	1.8461	0.54170	82.228	137.12	3.8095	0.31247	0.52198	302.64	0.83412	2.0357e-05	0.015905	vapor
265.00	1.0000	1.8391	0.54376	82.541	137.64	3.8114	0.31246	0.52197	303.21	0.82847	2.0423e-05	0.015956	vapor
266.00	1.0000	1.8321	0.54582	82.854	138.16	3.8134	0.31246	0.52195	303.79	0.82287	2.0488e-05	0.016007	vapor
267.00	1.0000	1.8252	0.54788	83.167	138.68	3.8154	0.31246	0.52194	304.36	0.81733	2.0554e-05	0.016059	vapor
268.00	1.0000	1.8184	0.54994	83.481	139.20	3.8173	0.31246	0.52192	304.93	0.81184	2.0620e-05	0.016110	vapor
269.00	1.0000	1.8116	0.55200	83.794	139.73	3.8193	0.31245	0.52191	305.50	0.80639	2.0685e-05	0.016161	vapor
270.00	1.0000	1.8049	0.55406	84.107	140.25	3.8212	0.31245	0.52189	306.07	0.80100	2.0751e-05	0.016212	vapor
271.00	1.0000	1.7982	0.55612	84.420	140.77	3.8231	0.31245	0.52188	306.64	0.79565	2.0816e-05	0.016263	vapor
272.00	1.0000	1.7915	0.55818	84.733	141.29	3.8251	0.31244	0.52186	307.21	0.79036	2.0881e-05	0.016314	vapor
273.00	1.0000	1.7849	0.56024	85.046	141.81	3.8270	0.31244	0.52185	307.77	0.78511	2.0947e-05	0.016365	vapor
274.00	1.0000	1.7784	0.56230	85.359	142.33	3.8289	0.31244	0.52184	308.34	0.77991	2.1012e-05	0.016416	vapor
275.00	1.0000	1.7719	0.56436	85.672	142.86	3.8308	0.31244	0.52182	308.90	0.77475	2.1077e-05	0.016466	vapor
276.00	1.0000	1.7655	0.56642	85.985	143.38	3.8327	0.31243	0.52181	309.46	0.76964	2.1142e-05	0.016517	vapor
277.00	1.0000	1.7591	0.56848	86.298	143.90	3.8346	0.31243	0.52180	310.03	0.76458	2.1206e-05	0.016568	vapor
278.00	1.0000	1.7527	0.57054	86.611	144.42	3.8364	0.31243	0.52178	310.59	0.75956	2.1271e-05	0.016618	vapor
279.00	1.0000	1.7464	0.57260	86.924	144.94	3.8383	0.31243	0.52177	311.15	0.75459	2.1336e-05	0.016669	vapor
280.00	1.0000	1.7401	0.57466	87.238	145.47	3.8402	0.31243	0.52176	311.70	0.74965	2.1401e-05	0.016719	vapor
281.00	1.0000	1.7339	0.57672	87.551	145.99	3.8420	0.31242	0.52175	312.26	0.74476	2.1465e-05	0.016770	vapor
282.00	1.0000	1.7278	0.57878	87.864	146.51	3.8439	0.31242	0.52173	312.82	0.73992	2.1530e-05	0.016820	vapor
283.00	1.0000	1.7216	0.58084	88.177	147.03	3.8457	0.31242	0.52172	313.37	0.73511	2.1594e-05	0.016870	vapor
284.00	1.0000	1.7155	0.58290	88.490	147.55	3.8476	0.31242	0.52171	313.93	0.73035	2.1658e-05	0.016920	vapor
285.00	1.0000	1.7095	0.58496	88.803	148.07	3.8494	0.31241	0.52170	314.48	0.72563	2.1722e-05	0.016970	vapor
286.00	1.0000	1.7035	0.58702	89.116	148.60	3.8512	0.31241	0.52169	315.04	0.72094	2.1787e-05	0.017020	vapor
287.00	1.0000	1.6976	0.58908	89.429	149.12	3.8531	0.31241	0.52168	315.59	0.71630	2.1851e-05	0.017070	vapor
288.00	1.0000	1.6916	0.59114	89.741	149.64	3.8549	0.31241	0.52166	316.14	0.71170	2.1915e-05	0.017120	vapor
289.00	1.0000	1.6858	0.59320	90.054	150.16	3.8567	0.31241	0.52165	316.69	0.70713	2.1978e-05	0.017170	vapor
290.00	1.0000	1.6799	0.59526	90.367	150.68	3.8585	0.31240	0.52164	317.24	0.70261	2.2042e-05	0.017220	vapor
291.00	1.0000	1.6741	0.59732	90.680	151.20	3.8603	0.31240	0.52163	317.78	0.69812	2.2106e-05	0.017270	vapor
292.00	1.0000	1.6684	0.59938	90.993	151.73	3.8621	0.31240	0.52162	318.33	0.69367	2.2170e-05	0.017319	vapor
293.00	1.0000	1.6627	0.60144	91.306	152.25	3.8639	0.31240	0.52161	318.88	0.68926	2.2233e-05	0.017369	vapor
294.00	1.0000	1.6570	0.60350	91.619	152.77	3.8656	0.31240	0.52160	319.42	0.68488	2.2297e-05	0.017418	vapor
295.00	1.0000	1.6514	0.60556	91.932	153.29	3.8674	0.31239	0.52159	319.97	0.68054	2.2360e-05	0.017468	vapor
296.00	1.0000	1.6458	0.60762	92.245	153.81	3.8692	0.31239	0.52158	320.51	0.67623	2.2423e-05	0.017517	vapor
297.00	1.0000	1.6402	0.60968	92.558	154.33	3.8709	0.31239	0.52157	321.05	0.67196	2.2487e-05	0.017567	vapor
298.00	1.0000	1.6347	0.61174	92.871	154.86	3.8727	0.31239	0.52156	321.59	0.66772	2.2550e-05	0.017616	vapor
299.00	1.0000	1.6292	0.61380	93.184	155.38	3.8744	0.31239	0.52155	322.13	0.66352	2.2613e-05	0.017665	vapor
300.00	1.0000	1.6238	0.61586	93.497	155.90	3.8762	0.31239	0.52154	322.67	0.65935	2.2676e-05	0.017714	vapor
301.00	1.0000	1.6183	0.61791	93.810	156.42	3.8779	0.31238	0.52153	323.21	0.65522	2.2739e-05	0.017764	vapor
302.00	1.0000	1.6130	0.61997	94.122	156.94	3.8796	0.31238	0.52152	323.75	0.65112	2.2802e-05	0.017813	vapor
303.00	1.0000	1.6076	0.62203	94.435	157.46	3.8814	0.31238	0.52151	324.29	0.64705	2.2865e-05	0.017862	vapor
304.00	1.0000	1.6023	0.62409	94.748	157.98	3.8831	0.31238	0.52150	324.82	0.64301	2.2927e-05	0.017911	vapor
305.00	1.0000	1.5971	0.62615	95.061	158.51	3.8848	0.31238	0.52149	325.36	0.63901	2.2990e-05	0.017959	vapor
306.00	1.0000	1.5918	0.62821	95.374	159.03	3.8865	0.31238	0.52148	325.89	0.63504	2.3053e-05	0.018008	vapor
307.00	1.0000	1.5866	0.63027	95.687	159.55	3.8882	0.31237	0.52147	326.42	0.63110	2.3115e-05	0.018057	vapor
308.00	1.0000	1.5815	0.63233	96.000	160.07	3.8899	0.31237	0.52146	326.96	0.62719	2.3178e-05	0.018106	vapor
309.00	1.0000	1.5763	0.63439	96.313	160.59	3.8916	0.31237	0.52145	327.49	0.62331	2.3240e-05	0.018154	vapor
310.00	1.0000	1.5712	0.63645	96.625	161.11	3.8933	0.31237	0.52145	328.02	0.61946	2.3302e-05	0.018203	vapor
311.00	1.0000	1.5662	0.63850	96.938	161.63	3.8949	0.31237	0.52144	328.55	0.61564	2.3364e-05	0.018252	vapor
312.00	1.0000	1.5611	0.64056	97.251	162.16	3.8966	0.31237	0.52143	329.08	0.61185	2.3426e-05	0.018300	vapor
313.00	1.0000	1.5561	0.64262	97.564	162.68	3.8983	0.31237	0.52142	329.60	0.60808	2.3489e-05	0.018348	vapor
314.00	1.0000	1.5512	0.64468	97.877	163.20	3.9000	0.31236	0.52141	330.13	0.60435	2.3551e-05	0.018397	vapor
315.00	1.0000	1.5462	0.64674	98.190	163.72	3.9016	0.31236	0.52140	330.66	0.60065	2.3612e-05	0.018445	vapor
316.00	1.0000	1.5413	0.64880	98.502	164.24	3.9033	0.31236	0.52140	331.18	0.59697	2.3674e-05	0.018493	vapor
317.00	1.0000	1.5364	0.65086	98.815	164.76	3.9049	0.31236	0.52139	331.71	0.59332	2.3736e-05	0.018542	vapor
318.00	1.0000	1.5316	0.65291	99.128	165.28	3.9066	0.31236	0.52138	332.23	0.58970	2.3798e-05	0.018590	vapor
319.00	1.0000	1.5268	0.65497	99.441	165.81	3.9082	0.31236	0.52137	332.75	0.58611	2.3859e-05	0.018638	vapor
320.00	1.0000	1.5220	0.65703	99.754	166.33	3.9098	0.31236	0.52136	333.27	0.58255	2.3921e-05	0.018686	vapor
321.00	1.0000	1.5172	0.65909	100.07	166.85	3.9114	0.31235	0.52136	333.80	0.57901	2.3982e-05	0.018734	vapor
322.00	1.0000	1.5125	0.66115	100.38	167.37	3.9131	0.31235	0.52135	334.32	0.57549	2.4044e-05	0.018782	vapor
323.00	1.0000	1.5078	0.66321	100.69	167.89	3.9147	0.31235	0.52134	334.84	0.57201	2.4105e-05	0.018829	vapor
324.00	1.0000	1.5032	0.66526	101.00	168.41	3.9163	0.31235	0.52133	335.35	0.56854	2.4166e-05	0.018877	vapor
325.00	1.0000	1.4985	0.66732	101.32	168.93	3.9179	0.31235	0.52133	335.87	0.56511	2.4227e-05	0.018925	vapor
326.00	1.0000	1.4939	0.66938	101.63	169.46	3.9195	0.31235	0.52132	336.39	0.56170	2.4289e-05	0.018973	vapor
327.00	1.0000	1.4893	0.67144	101.94	169.98	3.9211	0.31235	0.52131	336.91	0.55831	2.4350e-05	0.019020	vapor
328.00	1.0000	1.4848	0.67350	102.26	170.50	3.9227	0.31235	0.52130	337.42	0.55495	2.4411e-05	0.019068	vapor
329.00	1.0000	1.4803	0.67556	102.57	171.02	3.9243	0.31235	0.52130	337.94	0.55162	2.4471e-05	0.019115	vapor
330.00	1.0000	1.4758	0.67761	102.88	171.54	3.9259	0.31234	0.52129	338.45	0.54830	2.4532e-05	0.019163	vapor
331.00	1.0000	1.4713	0.67967	103.19	172.06	3.9274	0.31234	0.52128	338.96	0.54502	2.4593e-05	0.019210	vapor
332.00	1.0000	1.4669	0.68173	103.51	172.58	3.9290	0.31234	0.52128	339.48	0.54175	2.4654e-05	0.019258	vapor
333.00	1.0000	1.4624	0.68379	103.82	173.10	3.9306	0.31234	0.52127	339.99	0.53851	2.4714e-05	0.019305	vapor
334.00	1.0000	1.4581	0.68585	104.13	173.63	3.9321	0.31234	0.52126	340.50	0.53529	2.4775e-05	0.019352	vapor
335.00	1.0000	1.4537	0.68790	104.44	174.15	3.9337	0.31234	0.52126	341.01	0.53210	2.4835e-05	0.019399	vapor
336.00	1.0000	1.4494	0.68996	104.76	174.67	3.9353	0.31234	0.52125	341.52	0.52892	2.4896e-05	0.019447	vapor
337.00	1.0000	1.4450	0.69202	105.07	175.19	3.9368	0.31234	0.52124	342.03	0.52577	2.4956e-05	0.019494	vapor
338.00	1.0000	1.4408	0.69408	105.38	175.71	3.9383	0.31234	0.52124	342.53	0.52265	2.5016e-05	0.019541	vapor
339.00	1.0000	1.4365	0.69614	105.70	176.23	3.9399	0.31233	0.52123	343.04	0.51954	2.5077e-05	0.019588	vapor
340.00	1.0000	1.4323	0.69819	106.01	176.75	3.9414	0.31233	0.52122	343.55	0.51646	2.5137e-05	0.019635	vapor
341.00	1.0000	1.4281	0.70025	106.32	177.27	3.9430	0.31233	0.52122	344.05	0.51339	2.5197e-05	0.019681	vapor
342.00	1.0000	1.4239	0.70231	106.63	177.80	3.9445	0.31233	0.52121	344.56	0.51035	2.5257e-05	0.019728	vapor
343.00	1.0000	1.4197	0.70437	106.95	178.32	3.9460	0.31233	0.52121	345.06	0.50733	2.5317e-05	0.019775	vapor
344.00	1.0000	1.4156	0.70642	107.26	178.84	3.9475	0.31233	0.52120	345.56	0.50433	2.5377e-05	0.019822	vapor
345.00	1.0000	1.4115	0.70848	107.57	179.36	3.9490	0.31233	0.52119	346.07	0.50136	2.5436e-05	0.019868	vapor
346.00	1.0000	1.4074	0.71054	107.88	179.88	3.9505	0.31233	0.52119	346.57	0.49840	2.5496e-05	0.019915	vapor
347.00	1.0000	1.4033	0.71260	108.20	180.40	3.9520	0.31233	0.52118	347.07	0.49546	2.5556e-05	0.019962	vapor
348.00	1.0000	1.3993	0.71466	108.51	180.92	3.9535	0.31233	0.52118	347.57	0.49254	2.5615e-05	0.020008	vapor
349.00	1.0000	1.3953	0.71671	108.82	181.44	3.9550	0.31232	0.52117	348.07	0.48964	2.5675e-05	0.020054	vapor
350.00	1.0000	1.3913	0.71877	109.14	181.96	3.9565	0.31232	0.52116	348.57	0.48677	2.5734e-05	0.020101	vapor
351.00	1.0000	1.3873	0.72083	109.45	182.49	3.9580	0.31232	0.52116	349.07	0.48391	2.5794e-05	0.020147	vapor
352.00	1.0000	1.3833	0.72289	109.76	183.01	3.9595	0.31232	0.52115	349.56	0.48107	2.5853e-05	0.020193	vapor
353.00	1.0000	1.3794	0.72494	110.07	183.53	3.9610	0.31232	0.52115	350.06	0.47825	2.5912e-05	0.020240	vapor
354.00	1.0000	1.3755	0.72700	110.39	184.05	3.9625	0.31232	0.52114	350.56	0.47545	2.5972e-05	0.020286	vapor
355.00	1.0000	1.3716	0.72906	110.70	184.57	3.9639	0.31232	0.52114	351.05	0.47266	2.6031e-05	0.020332	vapor
356.00	1.0000	1.3678	0.73112	111.01	185.09	3.9654	0.31232	0.52113	351.55	0.46990	2.6090e-05	0.020378	vapor
357.00	1.0000	1.3639	0.73317	111.32	185.61	3.9669	0.31232	0.52113	352.04	0.46715	2.6149e-05	0.020424	vapor
358.00	1.0000	1.3601	0.73523	111.64	186.13	3.9683	0.31232	0.52112	352.53	0.46443	2.6208e-05	0.020470	vapor
359.00	1.0000	1.3563	0.73729	111.95	186.66	3.9698	0.31232	0.52112	353.03	0.46172	2.6267e-05	0.020516	vapor
360.00	1.0000	1.3525	0.73935	112.26	187.18	3.9712	0.31232	0.52111	353.52	0.45902	2.6325e-05	0.020562	vapor
361.00	1.0000	1.3488	0.74140	112.57	187.70	3.9727	0.31231	0.52111	354.01	0.45635	2.6384e-05	0.020608	vapor
362.00	1.0000	1.3451	0.74346	112.89	188.22	3.9741	0.31231	0.52110	354.50	0.45369	2.6443e-05	0.020654	vapor
363.00	1.0000	1.3413	0.74552	113.20	188.74	3.9755	0.31231	0.52110	354.99	0.45105	2.6502e-05	0.020699	vapor
364.00	1.0000	1.3377	0.74758	113.51	189.26	3.9770	0.31231	0.52109	355.48	0.44843	2.6560e-05	0.020745	vapor
365.00	1.0000	1.3340	0.74963	113.83	189.78	3.9784	0.31231	0.52109	355.97	0.44583	2.6619e-05	0.020791	vapor
366.00	1.0000	1.3303	0.75169	114.14	190.30	3.9798	0.31231	0.52108	356.45	0.44324	2.6677e-05	0.020836	vapor
367.00	1.0000	1.3267	0.75375	114.45	190.82	3.9812	0.31231	0.52108	356.94	0.44067	2.6735e-05	0.020882	vapor
368.00	1.0000	1.3231	0.75580	114.76	191.35	3.9827	0.31231	0.52107	357.43	0.43811	2.6794e-05	0.020927	vapor
369.00	1.0000	1.3195	0.75786	115.08	191.87	3.9841	0.31231	0.52107	357.91	0.43557	2.6852e-05	0.020973	vapor
370.00	1.0000	1.3159	0.75992	115.39	192.39	3.9855	0.31231	0.52106	358.40	0.43305	2.6910e-05	0.021018	vapor
371.00	1.0000	1.3124	0.76198	115.70	192.91	3.9869	0.31231	0.52106	358.88	0.43054	2.6968e-05	0.021064	vapor
372.00	1.0000	1.3088	0.76403	116.01	193.43	3.9883	0.31231	0.52105	359.37	0.42805	2.7026e-05	0.021109	vapor
373.00	1.0000	1.3053	0.76609	116.33	193.95	3.9897	0.31231	0.52105	359.85	0.42558	2.7084e-05	0.021154	vapor
374.00	1.0000	1.3018	0.76815	116.64	194.47	3.9911	0.31231	0.52104	360.33	0.42312	2.7142e-05	0.021199	vapor
375.00	1.0000	1.2984	0.77020	116.95	194.99	3.9925	0.31230	0.52104	360.81	0.42067	2.7200e-05	0.021244	vapor
376.00	1.0000	1.2949	0.77226	117.26	195.51	3.9939	0.31230	0.52104	361.29	0.41824	2.7258e-05	0.021290	vapor
377.00	1.0000	1.2915	0.77432	117.58	196.03	3.9953	0.31230	0.52103	361.77	0.41583	2.7316e-05	0.021335	vapor
378.00	1.0000	1.2880	0.77638	117.89	196.56	3.9966	0.31230	0.52103	362.25	0.41343	2.7373e-05	0.021380	vapor
379.00	1.0000	1.2846	0.77843	118.20	197.08	3.9980	0.31230	0.52102	362.73	0.41105	2.7431e-05	0.021425	vapor
380.00	1.0000	1.2812	0.78049	118.51	197.60	3.9994	0.31230	0.52102	363.21	0.40868	2.7488e-05	0.021469	vapor
381.00	1.0000	1.2779	0.78255	118.83	198.12	4.0008	0.31230	0.52101	363.69	0.40632	2.7546e-05	0.021514	vapor
382.00	1.0000	1.2745	0.78460	119.14	198.64	4.0021	0.31230	0.52101	364.17	0.40398	2.7603e-05	0.021559	vapor
383.00	1.0000	1.2712	0.78666	119.45	199.16	4.0035	0.31230	0.52101	364.64	0.40166	2.7661e-05	0.021604	vapor
384.00	1.0000	1.2679	0.78872	119.76	199.68	4.0048	0.31230	0.52100	365.12	0.39935	2.7718e-05	0.021649	vapor
385.00	1.0000	1.2646	0.79077	120.08	200.20	4.0062	0.31230	0.52100	365.60	0.39705	2.7775e-05	0.021693	vapor
386.00	1.0000	1.2613	0.79283	120.39	200.72	4.0075	0.31230	0.52099	366.07	0.39477	2.7833e-05	0.021738	vapor
387.00	1.0000	1.2580	0.79489	120.70	201.24	4.0089	0.31230	0.52099	366.54	0.39250	2.7890e-05	0.021783	vapor
388.00	1.0000	1.2548	0.79694	121.02	201.77	4.0102	0.31230	0.52098	367.02	0.39024	2.7947e-05	0.021827	vapor
389.00	1.0000	1.2516	0.79900	121.33	202.29	4.0116	0.31230	0.52098	367.49	0.38800	2.8004e-05	0.021872	vapor
390.00	1.0000	1.2483	0.80106	121.64	202.81	4.0129	0.31230	0.52098	367.96	0.38577	2.8061e-05	0.021916	vapor
391.00	1.0000	1.2452	0.80312	121.95	203.33	4.0143	0.31229	0.52097	368.44	0.38356	2.8118e-05	0.021960	vapor
392.00	1.0000	1.2420	0.80517	122.27	203.85	4.0156	0.31229	0.52097	368.91	0.38136	2.8175e-05	0.022005	vapor
393.00	1.0000	1.2388	0.80723	122.58	204.37	4.0169	0.31229	0.52097	369.38	0.37917	2.8231e-05	0.022049	vapor
394.00	1.0000	1.2357	0.80929	122.89	204.89	4.0182	0.31229	0.52096	369.85	0.37699	2.8288e-05	0.022093	vapor
395.00	1.0000	1.2325	0.81134	123.20	205.41	4.0196	0.31229	0.52096	370.32	0.37483	2.8345e-05	0.022138	vapor
396.00	1.0000	1.2294	0.81340	123.52	205.93	4.0209	0.31229	0.52095	370.78	0.37268	2.8401e-05	0.022182	vapor
397.00	1.0000	1.2263	0.81546	123.83	206.45	4.0222	0.31229	0.52095	371.25	0.37054	2.8458e-05	0.022226	vapor
398.00	1.0000	1.2232	0.81751	124.14	206.98	4.0235	0.31229	0.52095	371.72	0.36842	2.8514e-05	0.022270	vapor
399.00	1.0000	1.2202	0.81957	124.45	207.50	4.0248	0.31229	0.52094	372.19	0.36631	2.8571e-05	0.022314	vapor
400.00	1.0000	1.2171	0.82163	124.77	208.02	4.0261	0.31229	0.52094	372.65	0.36421	2.8627e-05	0.022358	vapor
401.00	1.0000	1.2141	0.82368	125.08	208.54	4.0274	0.31229	0.52094	373.12	0.36212	2.8683e-05	0.022402	vapor
402.00	1.0000	1.2110	0.82574	125.39	209.06	4.0287	0.31229	0.52093	373.58	0.36004	2.8740e-05	0.022446	vapor
403.00	1.0000	1.2080	0.82780	125.70	209.58	4.0300	0.31229	0.52093	374.05	0.35798	2.8796e-05	0.022490	vapor
404.00	1.0000	1.2050	0.82985	126.02	210.10	4.0313	0.31229	0.52093	374.51	0.35593	2.8852e-05	0.022533	vapor
405.00	1.0000	1.2021	0.83191	126.33	210.62	4.0326	0.31229	0.52092	374.98	0.35389	2.8908e-05	0.022577	vapor
406.00	1.0000	1.1991	0.83397	126.64	211.14	4.0339	0.31229	0.52092	375.44	0.35186	2.8964e-05	0.022621	vapor
407.00	1.0000	1.1961	0.83602	126.95	211.66	4.0351	0.31229	0.52092	375.90	0.34985	2.9020e-05	0.022665	vapor
408.00	1.0000	1.1932	0.83808	127.27	212.18	4.0364	0.31229	0.52091	376.36	0.34784	2.9076e-05	0.022708	vapor
409.00	1.0000	1.1903	0.84014	127.58	212.71	4.0377	0.31229	0.52091	376.82	0.34585	2.9132e-05	0.022752	vapor
410.00	1.0000	1.1874	0.84219	127.89	213.23	4.0390	0.31228	0.52091	377.28	0.34387	2.9188e-05	0.022795	vapor
411.00	1.0000	1.1845	0.84425	128.20	213.75	4.0402	0.31228	0.52090	377.74	0.34190	2.9244e-05	0.022839	vapor
412.00	1.0000	1.1816	0.84630	128.52	214.27	4.0415	0.31228	0.52090	378.20	0.33994	2.9299e-05	0.022882	vapor
413.00	1.0000	1.1787	0.84836	128.83	214.79	4.0428	0.31228	0.52090	378.66	0.33799	2.9355e-05	0.022926	vapor
414.00	1.0000	1.1759	0.85042	129.14	215.31	4.0440	0.31228	0.52089	379.12	0.33605	2.9410e-05	0.022969	vapor
415.00	1.0000	1.1731	0.85247	129.45	215.83	4.0453	0.31228	0.52089	379.58	0.33413	2.9466e-05	0.023012	vapor
416.00	1.0000	1.1702	0.85453	129.77	216.35	4.0465	0.31228	0.52089	380.04	0.33221	2.9521e-05	0.023056	vapor
417.00	1.0000	1.1674	0.85659	130.08	216.87	4.0478	0.31228	0.52088	380.49	0.33031	2.9577e-05	0.023099	vapor
418.00	1.0000	1.1646	0.85864	130.39	217.39	4.0490	0.31228	0.52088	380.95	0.32841	2.9632e-05	0.023142	vapor
419.00	1.0000	1.1618	0.86070	130.70	217.91	4.0503	0.31228	0.52088	381.40	0.32653	2.9688e-05	0.023185	vapor
420.00	1.0000	1.1591	0.86276	131.02	218.44	4.0515	0.31228	0.52087	381.86	0.32466	2.9743e-05	0.023228	vapor
421.00	1.0000	1.1563	0.86481	131.33	218.96	4.0528	0.31228	0.52087	382.31	0.32279	2.9798e-05	0.023272	vapor
422.00	1.0000	1.1536	0.86687	131.64	219.48	4.0540	0.31228	0.52087	382.77	0.32094	2.9853e-05	0.023315	vapor
423.00	1.0000	1.1508	0.86893	131.95	220.00	4.0552	0.31228	0.52087	383.22	0.31910	2.9908e-05	0.023358	vapor
424.00	1.0000	1.1481	0.87098	132.27	220.52	4.0565	0.31228	0.52086	383.67	0.31727	2.9963e-05	0.023401	vapor
425.00	1.0000	1.1454	0.87304	132.58	221.04	4.0577	0.31228	0.52086	384.13	0.31545	3.0018e-05	0.023443	vapor
426.00	1.0000	1.1427	0.87509	132.89	221.56	4.0589	0.31228	0.52086	384.58	0.31363	3.0073e-05	0.023486	vapor
427.00	1.0000	1.1401	0.87715	133.20	222.08	4.0601	0.31228	0.52085	385.03	0.31183	3.0128e-05	0.023529	vapor
428.00	1.0000	1.1374	0.87921	133.52	222.60	4.0614	0.31228	0.52085	385.48	0.31004	3.0183e-05	0.023572	vapor
429.00	1.0000	1.1347	0.88126	133.83	223.12	4.0626	0.31228	0.52085	385.93	0.30826	3.0238e-05	0.023615	vapor
430.00	1.0000	1.1321	0.88332	134.14	223.64	4.0638	0.31228	0.52085	386.38	0.30648	3.0292e-05	0.023657	vapor
431.00	1.0000	1.1295	0.88538	134.45	224.16	4.0650	0.31228	0.52084	386.83	0.30472	3.0347e-05	0.023700	vapor
432.00	1.0000	1.1268	0.88743	134.77	224.69	4.0662	0.31228	0.52084	387.28	0.30297	3.0402e-05	0.023743	vapor
433.00	1.0000	1.1242	0.88949	135.08	225.21	4.0674	0.31227	0.52084	387.73	0.30122	3.0456e-05	0.023785	vapor
434.00	1.0000	1.1216	0.89154	135.39	225.73	4.0686	0.31227	0.52083	388.17	0.29949	3.0511e-05	0.023828	vapor
435.00	1.0000	1.1191	0.89360	135.70	226.25	4.0698	0.31227	0.52083	388.62	0.29776	3.0565e-05	0.023870	vapor
436.00	1.0000	1.1165	0.89566	136.02	226.77	4.0710	0.31227	0.52083	389.07	0.29605	3.0620e-05	0.023913	vapor
437.00	1.0000	1.1139	0.89771	136.33	227.29	4.0722	0.31227	0.52083	389.51	0.29434	3.0674e-05	0.023955	vapor
438.00	1.0000	1.1114	0.89977	136.64	227.81	4.0734	0.31227	0.52082	389.96	0.29264	3.0728e-05	0.023997	vapor
439.00	1.0000	1.1089	0.90183	136.95	228.33	4.0746	0.31227	0.52082	390.40	0.29095	3.0783e-05	0.024040	vapor
440.00	1.0000	1.1063	0.90388	137.27	228.85	4.0758	0.31227	0.52082	390.85	0.28927	3.0837e-05	0.024082	vapor
441.00	1.0000	1.1038	0.90594	137.58	229.37	4.0769	0.31227	0.52082	391.29	0.28760	3.0891e-05	0.024124	vapor
442.00	1.0000	1.1013	0.90799	137.89	229.89	4.0781	0.31227	0.52081	391.74	0.28594	3.0945e-05	0.024166	vapor
443.00	1.0000	1.0988	0.91005	138.20	230.41	4.0793	0.31227	0.52081	392.18	0.28428	3.0999e-05	0.024209	vapor
444.00	1.0000	1.0964	0.91211	138.52	230.94	4.0805	0.31227	0.52081	392.62	0.28264	3.1053e-05	0.024251	vapor
445.00	1.0000	1.0939	0.91416	138.83	231.46	4.0816	0.31227	0.52081	393.06	0.28100	3.1107e-05	0.024293	vapor
446.00	1.0000	1.0914	0.91622	139.14	231.98	4.0828	0.31227	0.52080	393.50	0.27937	3.1161e-05	0.024335	vapor
447.00	1.0000	1.0890	0.91827	139.45	232.50	4.0840	0.31227	0.52080	393.95	0.27775	3.1215e-05	0.024377	vapor
448.00	1.0000	1.0866	0.92033	139.77	233.02	4.0851	0.31227	0.52080	394.39	0.27614	3.1268e-05	0.024419	vapor
449.00	1.0000	1.0841	0.92239	140.08	233.54	4.0863	0.31227	0.52080	394.83	0.27454	3.1322e-05	0.024461	vapor
450.00	1.0000	1.0817	0.92444	140.39	234.06	4.0875	0.31227	0.52079	395.27	0.27294	3.1376e-05	0.024503	vapor
451.00	1.0000	1.0793	0.92650	140.70	234.58	4.0886	0.31227	0.52079	395.70	0.27136	3.1430e-05	0.024545	vapor
452.00	1.0000	1.0769	0.92855	141.02	235.10	4.0898	0.31227	0.52079	396.14	0.26978	3.1483e-05	0.024586	vapor
453.00	1.0000	1.0746	0.93061	141.33	235.62	4.0909	0.31227	0.52079	396.58	0.26821	3.1537e-05	0.024628	vapor
454.00	1.0000	1.0722	0.93267	141.64	236.14	4.0921	0.31227	0.52078	397.02	0.26665	3.1590e-05	0.024670	vapor
455.00	1.0000	1.0698	0.93472	141.95	236.66	4.0932	0.31227	0.52078	397.46	0.26509	3.1644e-05	0.024712	vapor
456.00	1.0000	1.0675	0.93678	142.27	237.19	4.0944	0.31227	0.52078	397.89	0.26354	3.1697e-05	0.024753	vapor
457.00	1.0000	1.0652	0.93883	142.58	237.71	4.0955	0.31227	0.52078	398.33	0.26201	3.1750e-05	0.024795	vapor
458.00	1.0000	1.0628	0.94089	142.89	238.23	4.0966	0.31227	0.52078	398.76	0.26048	3.1804e-05	0.024836	vapor
459.00	1.0000	1.0605	0.94295	143.20	238.75	4.0978	0.31227	0.52077	399.20	0.25895	3.1857e-05	0.024878	vapor
460.00	1.0000	1.0582	0.94500	143.52	239.27	4.0989	0.31227	0.52077	399.63	0.25744	3.1910e-05	0.024919	vapor
461.00	1.0000	1.0559	0.94706	143.83	239.79	4.1000	0.31227	0.52077	400.07	0.25593	3.1963e-05	0.024961	vapor
462.00	1.0000	1.0536	0.94911	144.14	240.31	4.1012	0.31226	0.52077	400.50	0.25443	3.2016e-05	0.025002	vapor
463.00	1.0000	1.0513	0.95117	144.45	240.83	4.1023	0.31226	0.52076	400.93	0.25294	3.2069e-05	0.025044	vapor
464.00	1.0000	1.0491	0.95323	144.77	241.35	4.1034	0.31226	0.52076	401.37	0.25145	3.2122e-05	0.025085	vapor
465.00	1.0000	1.0468	0.95528	145.08	241.87	4.1045	0.31226	0.52076	401.80	0.24997	3.2175e-05	0.025126	vapor
466.00	1.0000	1.0446	0.95734	145.39	242.39	4.1057	0.31226	0.52076	402.23	0.24850	3.2228e-05	0.025168	vapor
467.00	1.0000	1.0423	0.95939	145.70	242.91	4.1068	0.31226	0.52076	402.66	0.24704	3.2281e-05	0.025209	vapor
468.00	1.0000	1.0401	0.96145	146.02	243.43	4.1079	0.31226	0.52075	403.09	0.24558	3.2334e-05	0.025250	vapor
469.00	1.0000	1.0379	0.96351	146.33	243.95	4.1090	0.31226	0.52075	403.52	0.24414	3.2387e-05	0.025291	vapor
470.00	1.0000	1.0357	0.96556	146.64	244.48	4.1101	0.31226	0.52075	403.95	0.24269	3.2439e-05	0.025332	vapor
471.00	1.0000	1.0335	0.96762	146.95	245.00	4.1112	0.31226	0.52075	404.38	0.24126	3.2492e-05	0.025373	vapor
472.00	1.0000	1.0313	0.96967	147.27	245.52	4.1123	0.31226	0.52075	404.81	0.23983	3.2544e-05	0.025415	vapor
473.00	1.0000	1.0291	0.97173	147.58	246.04	4.1134	0.31226	0.52074	405.24	0.23841	3.2597e-05	0.025456	vapor
474.00	1.0000	1.0269	0.97379	147.89	246.56	4.1145	0.31226	0.52074	405.67	0.23700	3.2650e-05	0.025497	vapor
475.00	1.0000	1.0248	0.97584	148.20	247.08	4.1156	0.31226	0.52074	406.10	0.23559	3.2702e-05	0.025537	vapor
476.00	1.0000	1.0226	0.97790	148.51	247.60	4.1167	0.31226	0.52074	406.52	0.23419	3.2754e-05	0.025578	vapor
477.00	1.0000	1.0205	0.97995	148.83	248.12	4.1178	0.31226	0.52074	406.95	0.23280	3.2807e-05	0.025619	vapor
478.00	1.0000	1.0183	0.98201	149.14	248.64	4.1189	0.31226	0.52073	407.38	0.23141	3.2859e-05	0.025660	vapor
479.00	1.0000	1.0162	0.98406	149.45	249.16	4.1200	0.31226	0.52073	407.80	0.23003	3.2911e-05	0.025701	vapor
480.00	1.0000	1.0141	0.98612	149.76	249.68	4.1211	0.31226	0.52073	408.23	0.22866	3.2964e-05	0.025742	vapor
481.00	1.0000	1.0120	0.98818	150.08	250.20	4.1222	0.31226	0.52073	408.65	0.22729	3.3016e-05	0.025782	vapor
482.00	1.0000	1.0099	0.99023	150.39	250.72	4.1232	0.31226	0.52073	409.08	0.22593	3.3068e-05	0.025823	vapor
483.00	1.0000	1.0078	0.99229	150.70	251.25	4.1243	0.31226	0.52072	409.50	0.22458	3.3120e-05	0.025864	vapor
484.00	1.0000	1.0057	0.99434	151.01	251.77	4.1254	0.31226	0.52072	409.93	0.22323	3.3172e-05	0.025904	vapor
485.00	1.0000	1.0036	0.99640	151.33	252.29	4.1265	0.31226	0.52072	410.35	0.22189	3.3224e-05	0.025945	vapor
486.00	1.0000	1.0015	0.99845	151.64	252.81	4.1275	0.31226	0.52072	410.77	0.22056	3.3276e-05	0.025985	vapor
487.00	1.0000	0.99949	1.0005	151.95	253.33	4.1286	0.31226	0.52072	411.19	0.21923	3.3328e-05	0.026026	vapor
488.00	1.0000	0.99744	1.0026	152.26	253.85	4.1297	0.31226	0.52072	411.62	0.21791	3.3380e-05	0.026066	vapor
489.00	1.0000	0.99540	1.0046	152.58	254.37	4.1307	0.31226	0.52071	412.04	0.21659	3.3432e-05	0.026107	vapor
490.00	1.0000	0.99337	1.0067	152.89	254.89	4.1318	0.31226	0.52071	412.46	0.21529	3.3483e-05	0.026147	vapor
491.00	1.0000	0.99134	1.0087	153.20	255.41	4.1329	0.31226	0.52071	412.88	0.21398	3.3535e-05	0.026188	vapor
492.00	1.0000	0.98933	1.0108	153.51	255.93	4.1339	0.31226	0.52071	413.30	0.21269	3.3587e-05	0.026228	vapor
493.00	1.0000	0.98732	1.0128	153.83	256.45	4.1350	0.31226	0.52071	413.72	0.21140	3.3638e-05	0.026268	vapor
494.00	1.0000	0.98532	1.0149	154.14	256.97	4.1360	0.31226	0.52070	414.14	0.21011	3.3690e-05	0.026308	vapor
495.00	1.0000	0.98333	1.0170	154.45	257.49	4.1371	0.31226	0.52070	414.56	0.20883	3.3742e-05	0.026349	vapor
496.00	1.0000	0.98134	1.0190	154.76	258.01	4.1381	0.31226	0.52070	414.98	0.20756	3.3793e-05	0.026389	vapor
497.00	1.0000	0.97937	1.0211	155.08	258.54	4.1392	0.31226	0.52070	415.39	0.20629	3.3844e-05	0.026429	vapor
498.00	1.0000	0.97740	1.0231	155.39	259.06	4.1402	0.31226	0.52070	415.81	0.20503	3.3896e-05	0.026469	vapor
499.00	1.0000	0.97544	1.0252	155.70	259.58	4.1413	0.31226	0.52070	416.23	0.20378	3.3947e-05	0.026509	vapor
500.00	1.0000	0.97349	1.0272	156.01	260.10	4.1423	0.31226	0.52069	416.65	0.20253	3.3999e-05	0.026549	vapor
501.00	1.0000	0.97154	1.0293	156.33	260.62	4.1434	0.31225	0.52069	417.06	0.20128	3.4050e-05	0.026589	vapor
502.00	1.0000	0.96961	1.0313	156.64	261.14	4.1444	0.31225	0.52069	417.48	0.20005	3.4101e-05	0.026629	vapor
503.00	1.0000	0.96768	1.0334	156.95	261.66	4.1454	0.31225	0.52069	417.89	0.19881	3.4152e-05	0.026669	vapor
504.00	1.0000	0.96576	1.0355	157.26	262.18	4.1465	0.31225	0.52069	418.31	0.19759	3.4203e-05	0.026709	vapor
505.00	1.0000	0.96384	1.0375	157.57	262.70	4.1475	0.31225	0.52069	418.72	0.19637	3.4255e-05	0.026749	vapor
506.00	1.0000	0.96194	1.0396	157.89	263.22	4.1485	0.31225	0.52068	419.14	0.19515	3.4306e-05	0.026789	vapor
507.00	1.0000	0.96004	1.0416	158.20	263.74	4.1496	0.31225	0.52068	419.55	0.19394	3.4357e-05	0.026828	vapor
508.00	1.0000	0.95815	1.0437	158.51	264.26	4.1506	0.31225	0.52068	419.97	0.19274	3.4408e-05	0.026868	vapor
509.00	1.0000	0.95627	1.0457	158.82	264.78	4.1516	0.31225	0.52068	420.38	0.19154	3.4458e-05	0.026908	vapor
510.00	1.0000	0.95439	1.0478	159.14	265.30	4.1526	0.31225	0.52068	420.79	0.19035	3.4509e-05	0.026948	vapor
511.00	1.0000	0.95252	1.0498	159.45	265.82	4.1537	0.31225	0.52068	421.20	0.18916	3.4560e-05	0.026987	vapor
512.00	1.0000	0.95066	1.0519	159.76	266.35	4.1547	0.31225	0.52067	421.62	0.18798	3.4611e-05	0.027027	vapor
513.00	1.0000	0.94881	1.0540	160.07	266.87	4.1557	0.31225	0.52067	422.03	0.18680	3.4662e-05	0.027067	vapor
514.00	1.0000	0.94696	1.0560	160.39	267.39	4.1567	0.31225	0.52067	422.44	0.18563	3.4712e-05	0.027106	vapor
515.00	1.0000	0.94512	1.0581	160.70	267.91	4.1577	0.31225	0.52067	422.85	0.18446	3.4763e-05	0.027146	vapor
516.00	1.0000	0.94329	1.0601	161.01	268.43	4.1587	0.31225	0.52067	423.26	0.18330	3.4814e-05	0.027185	vapor
517.00	1.0000	0.94146	1.0622	161.32	268.95	4.1597	0.31225	0.52067	423.67	0.18214	3.4864e-05	0.027225	vapor
518.00	1.0000	0.93964	1.0642	161.64	269.47	4.1607	0.31225	0.52067	424.08	0.18099	3.4915e-05	0.027264	vapor
519.00	1.0000	0.93783	1.0663	161.95	269.99	4.1617	0.31225	0.52066	424.49	0.17984	3.4965e-05	0.027303	vapor
520.00	1.0000	0.93603	1.0683	162.26	270.51	4.1627	0.31225	0.52066	424.90	0.17870	3.5016e-05	0.027343	vapor
521.00	1.0000	0.93423	1.0704	162.57	271.03	4.1637	0.31225	0.52066	425.30	0.17757	3.5066e-05	0.027382	vapor
522.00	1.0000	0.93244	1.0725	162.89	271.55	4.1647	0.31225	0.52066	425.71	0.17644	3.5117e-05	0.027421	vapor
523.00	1.0000	0.93066	1.0745	163.20	272.07	4.1657	0.31225	0.52066	426.12	0.17531	3.5167e-05	0.027461	vapor
524.00	1.0000	0.92888	1.0766	163.51	272.59	4.1667	0.31225	0.52066	426.53	0.17419	3.5217e-05	0.027500	vapor
525.00	1.0000	0.92711	1.0786	163.82	273.11	4.1677	0.31225	0.52066	426.93	0.17307	3.5267e-05	0.027539	vapor
526.00	1.0000	0.92535	1.0807	164.14	273.63	4.1687	0.31225	0.52065	427.34	0.17196	3.5318e-05	0.027578	vapor
527.00	1.0000	0.92359	1.0827	164.45	274.16	4.1697	0.31225	0.52065	427.75	0.17086	3.5368e-05	0.027617	vapor
528.00	1.0000	0.92184	1.0848	164.76	274.68	4.1707	0.31225	0.52065	428.15	0.16975	3.5418e-05	0.027657	vapor
529.00	1.0000	0.92010	1.0868	165.07	275.20	4.1717	0.31225	0.52065	428.56	0.16866	3.5468e-05	0.027696	vapor
530.00	1.0000	0.91836	1.0889	165.38	275.72	4.1727	0.31225	0.52065	428.96	0.16757	3.5518e-05	0.027735	vapor
531.00	1.0000	0.91663	1.0910	165.70	276.24	4.1736	0.31225	0.52065	429.37	0.16648	3.5568e-05	0.027774	vapor
532.00	1.0000	0.91490	1.0930	166.01	276.76	4.1746	0.31225	0.52065	429.77	0.16540	3.5618e-05	0.027813	vapor
533.00	1.0000	0.91319	1.0951	166.32	277.28	4.1756	0.31225	0.52064	430.17	0.16432	3.5668e-05	0.027852	vapor
534.00	1.0000	0.91148	1.0971	166.63	277.80	4.1766	0.31225	0.52064	430.58	0.16324	3.5718e-05	0.027891	vapor
535.00	1.0000	0.90977	1.0992	166.95	278.32	4.1776	0.31225	0.52064	430.98	0.16218	3.5767e-05	0.027929	vapor
536.00	1.0000	0.90807	1.1012	167.26	278.84	4.1785	0.31225	0.52064	431.38	0.16111	3.5817e-05	0.027968	vapor
537.00	1.0000	0.90638	1.1033	167.57	279.36	4.1795	0.31225	0.52064	431.78	0.16005	3.5867e-05	0.028007	vapor
538.00	1.0000	0.90470	1.1053	167.88	279.88	4.1805	0.31225	0.52064	432.19	0.15900	3.5917e-05	0.028046	vapor
539.00	1.0000	0.90302	1.1074	168.20	280.40	4.1814	0.31225	0.52064	432.59	0.15795	3.5966e-05	0.028085	vapor
540.00	1.0000	0.90134	1.1095	168.51	280.92	4.1824	0.31225	0.52064	432.99	0.15690	3.6016e-05	0.028123	vapor
541.00	1.0000	0.89968	1.1115	168.82	281.44	4.1834	0.31225	0.52063	433.39	0.15586	3.6066e-05	0.028162	vapor
542.00	1.0000	0.89802	1.1136	169.13	281.97	4.1843	0.31225	0.52063	433.79	0.15482	3.6115e-05	0.028201	vapor
543.00	1.0000	0.89636	1.1156	169.45	282.49	4.1853	0.31225	0.52063	434.19	0.15379	3.6165e-05	0.028239	vapor
544.00	1.0000	0.89471	1.1177	169.76	283.01	4.1862	0.31225	0.52063	434.59	0.15276	3.6214e-05	0.028278	vapor
545.00	1.0000	0.89307	1.1197	170.07	283.53	4.1872	0.31225	0.52063	434.99	0.15174	3.6264e-05	0.028316	vapor
546.00	1.0000	0.89144	1.1218	170.38	284.05	4.1881	0.31225	0.52063	435.39	0.15072	3.6313e-05	0.028355	vapor
547.00	1.0000	0.88981	1.1238	170.70	284.57	4.1891	0.31225	0.52063	435.78	0.14970	3.6362e-05	0.028394	vapor
548.00	1.0000	0.88818	1.1259	171.01	285.09	4.1901	0.31225	0.52063	436.18	0.14869	3.6412e-05	0.028432	vapor
549.00	1.0000	0.88656	1.1280	171.32	285.61	4.1910	0.31225	0.52062	436.58	0.14768	3.6461e-05	0.028470	vapor
550.00	1.0000	0.88495	1.1300	171.63	286.13	4.1919	0.31225	0.52062	436.98	0.14668	3.6510e-05	0.028509	vapor
551.00	1.0000	0.88334	1.1321	171.94	286.65	4.1929	0.31225	0.52062	437.37	0.14568	3.6559e-05	0.028547	vapor
552.00	1.0000	0.88174	1.1341	172.26	287.17	4.1938	0.31225	0.52062	437.77	0.14469	3.6608e-05	0.028586	vapor
553.00	1.0000	0.88015	1.1362	172.57	287.69	4.1948	0.31225	0.52062	438.17	0.14370	3.6657e-05	0.028624	vapor
554.00	1.0000	0.87856	1.1382	172.88	288.21	4.1957	0.31224	0.52062	438.56	0.14271	3.6707e-05	0.028662	vapor
555.00	1.0000	0.87697	1.1403	173.19	288.73	4.1967	0.31224	0.52062	438.96	0.14173	3.6756e-05	0.028700	vapor
556.00	1.0000	0.87540	1.1423	173.51	289.25	4.1976	0.31224	0.52062	439.35	0.14075	3.6805e-05	0.028739	vapor
557.00	1.0000	0.87382	1.1444	173.82	289.77	4.1985	0.31224	0.52061	439.75	0.13978	3.6854e-05	0.028777	vapor
558.00	1.0000	0.87226	1.1464	174.13	290.30	4.1995	0.31224	0.52061	440.14	0.13881	3.6902e-05	0.028815	vapor
559.00	1.0000	0.87070	1.1485	174.44	290.82	4.2004	0.31224	0.52061	440.54	0.13784	3.6951e-05	0.028853	vapor
560.00	1.0000	0.86914	1.1506	174.76	291.34	4.2013	0.31224	0.52061	440.93	0.13688	3.7000e-05	0.028891	vapor
561.00	1.0000	0.86759	1.1526	175.07	291.86	4.2023	0.31224	0.52061	441.32	0.13592	3.7049e-05	0.028929	vapor
562.00	1.0000	0.86605	1.1547	175.38	292.38	4.2032	0.31224	0.52061	441.72	0.13497	3.7098e-05	0.028967	vapor
563.00	1.0000	0.86451	1.1567	175.69	292.90	4.2041	0.31224	0.52061	442.11	0.13402	3.7146e-05	0.029005	vapor
564.00	1.0000	0.86298	1.1588	176.01	293.42	4.2050	0.31224	0.52061	442.50	0.13307	3.7195e-05	0.029043	vapor
565.00	1.0000	0.86145	1.1608	176.32	293.94	4.2060	0.31224	0.52061	442.89	0.13213	3.7244e-05	0.029081	vapor
566.00	1.0000	0.85993	1.1629	176.63	294.46	4.2069	0.31224	0.52060	443.29	0.13119	3.7292e-05	0.029119	vapor
567.00	1.0000	0.85841	1.1649	176.94	294.98	4.2078	0.31224	0.52060	443.68	0.13026	3.7341e-05	0.029157	vapor
568.00	1.0000	0.85690	1.1670	177.25	295.50	4.2087	0.31224	0.52060	444.07	0.12933	3.7389e-05	0.029195	vapor
569.00	1.0000	0.85539	1.1691	177.57	296.02	4.2096	0.31224	0.52060	444.46	0.12840	3.7438e-05	0.029233	vapor
570.00	1.0000	0.85389	1.1711	177.88	296.54	4.2105	0.31224	0.52060	444.85	0.12748	3.7486e-05	0.029271	vapor
571.00	1.0000	0.85239	1.1732	178.19	297.06	4.2115	0.31224	0.52060	445.24	0.12656	3.7535e-05	0.029308	vapor
572.00	1.0000	0.85090	1.1752	178.50	297.58	4.2124	0.31224	0.52060	445.63	0.12564	3.7583e-05	0.029346	vapor
573.00	1.0000	0.84942	1.1773	178.82	298.10	4.2133	0.31224	0.52060	446.02	0.12473	3.7631e-05	0.029384	vapor
574.00	1.0000	0.84794	1.1793	179.13	298.62	4.2142	0.31224	0.52060	446.41	0.12382	3.7680e-05	0.029422	vapor
575.00	1.0000	0.84646	1.1814	179.44	299.15	4.2151	0.31224	0.52059	446.80	0.12291	3.7728e-05	0.029459	vapor
576.00	1.0000	0.84499	1.1834	179.75	299.67	4.2160	0.31224	0.52059	447.18	0.12201	3.7776e-05	0.029497	vapor
577.00	1.0000	0.84353	1.1855	180.07	300.19	4.2169	0.31224	0.52059	447.57	0.12111	3.7824e-05	0.029534	vapor
578.00	1.0000	0.84207	1.1876	180.38	300.71	4.2178	0.31224	0.52059	447.96	0.12022	3.7873e-05	0.029572	vapor
579.00	1.0000	0.84061	1.1896	180.69	301.23	4.2187	0.31224	0.52059	448.35	0.11933	3.7921e-05	0.029610	vapor
580.00	1.0000	0.83916	1.1917	181.00	301.75	4.2196	0.31224	0.52059	448.73	0.11844	3.7969e-05	0.029647	vapor
581.00	1.0000	0.83772	1.1937	181.32	302.27	4.2205	0.31224	0.52059	449.12	0.11756	3.8017e-05	0.029685	vapor
582.00	1.0000	0.83628	1.1958	181.63	302.79	4.2214	0.31224	0.52059	449.51	0.11668	3.8065e-05	0.029722	vapor
583.00	1.0000	0.83484	1.1978	181.94	303.31	4.2223	0.31224	0.52059	449.89	0.11580	3.8113e-05	0.029759	vapor
584.00	1.0000	0.83341	1.1999	182.25	303.83	4.2232	0.31224	0.52059	450.28	0.11493	3.8161e-05	0.029797	vapor
585.00	1.0000	0.83199	1.2019	182.56	304.35	4.2241	0.31224	0.52058	450.66	0.11406	3.8209e-05	0.029834	vapor
586.00	1.0000	0.83057	1.2040	182.88	304.87	4.2250	0.31224	0.52058	451.05	0.11319	3.8257e-05	0.029872	vapor
587.00	1.0000	0.82915	1.2061	183.19	305.39	4.2258	0.31224	0.52058	451.43	0.11233	3.8304e-05	0.029909	vapor
588.00	1.0000	0.82774	1.2081	183.50	305.91	4.2267	0.31224	0.52058	451.82	0.11147	3.8352e-05	0.029946	vapor
589.00	1.0000	0.82634	1.2102	183.81	306.43	4.2276	0.31224	0.52058	452.20	0.11061	3.8400e-05	0.029983	vapor
590.00	1.0000	0.82494	1.2122	184.13	306.95	4.2285	0.31224	0.52058	452.58	0.10976	3.8448e-05	0.030021	vapor
591.00	1.0000	0.82354	1.2143	184.44	307.47	4.2294	0.31224	0.52058	452.97	0.10891	3.8495e-05	0.030058	vapor
592.00	1.0000	0.82215	1.2163	184.75	308.00	4.2303	0.31224	0.52058	453.35	0.10806	3.8543e-05	0.030095	vapor
593.00	1.0000	0.82076	1.2184	185.06	308.52	4.2311	0.31224	0.52058	453.73	0.10722	3.8591e-05	0.030132	vapor
594.00	1.0000	0.81938	1.2204	185.38	309.04	4.2320	0.31224	0.52058	454.12	0.10638	3.8638e-05	0.030169	vapor
595.00	1.0000	0.81800	1.2225	185.69	309.56	4.2329	0.31224	0.52058	454.50	0.10554	3.8686e-05	0.030206	vapor
596.00	1.0000	0.81663	1.2245	186.00	310.08	4.2338	0.31224	0.52057	454.88	0.10471	3.8733e-05	0.030244	vapor
597.00	1.0000	0.81526	1.2266	186.31	310.60	4.2346	0.31224	0.52057	455.26	0.10388	3.8781e-05	0.030281	vapor
598.00	1.0000	0.81390	1.2287	186.63	311.12	4.2355	0.31224	0.52057	455.64	0.10305	3.8828e-05	0.030318	vapor
599.00	1.0000	0.81254	1.2307	186.94	311.64	4.2364	0.31224	0.52057	456.02	0.10223	3.8875e-05	0.030355	vapor
600.00	1.0000	0.81118	1.2328	187.25	312.16	4.2372	0.31224	0.52057	456.40	0.10141	3.8923e-05	0.030391	vapor
601.00	1.0000	0.80983	1.2348	187.56	312.68	4.2381	0.31224	0.52057	456.78	0.10059	3.8970e-05	0.030428	vapor
602.00	1.0000	0.80849	1.2369	187.87	313.20	4.2390	0.31224	0.52057	457.16	0.099775	3.9017e-05	0.030465	vapor
603.00	1.0000	0.80715	1.2389	188.19	313.72	4.2398	0.31224	0.52057	457.54	0.098963	3.9065e-05	0.030502	vapor
604.00	1.0000	0.80581	1.2410	188.50	314.24	4.2407	0.31224	0.52057	457.92	0.098155	3.9112e-05	0.030539	vapor
605.00	1.0000	0.80448	1.2430	188.81	314.76	4.2416	0.31224	0.52057	458.30	0.097350	3.9159e-05	0.030576	vapor
606.00	1.0000	0.80315	1.2451	189.12	315.28	4.2424	0.31224	0.52057	458.68	0.096548	3.9206e-05	0.030613	vapor
607.00	1.0000	0.80183	1.2472	189.44	315.80	4.2433	0.31224	0.52056	459.06	0.095748	3.9253e-05	0.030649	vapor
608.00	1.0000	0.80051	1.2492	189.75	316.32	4.2441	0.31224	0.52056	459.43	0.094952	3.9300e-05	0.030686	vapor
609.00	1.0000	0.79919	1.2513	190.06	316.85	4.2450	0.31224	0.52056	459.81	0.094159	3.9347e-05	0.030723	vapor
610.00	1.0000	0.79788	1.2533	190.37	317.37	4.2458	0.31224	0.52056	460.19	0.093369	3.9394e-05	0.030760	vapor
611.00	1.0000	0.79658	1.2554	190.69	317.89	4.2467	0.31224	0.52056	460.57	0.092582	3.9441e-05	0.030796	vapor
612.00	1.0000	0.79527	1.2574	191.00	318.41	4.2476	0.31224	0.52056	460.94	0.091798	3.9488e-05	0.030833	vapor
613.00	1.0000	0.79398	1.2595	191.31	318.93	4.2484	0.31224	0.52056	461.32	0.091016	3.9535e-05	0.030869	vapor
614.00	1.0000	0.79268	1.2615	191.62	319.45	4.2493	0.31224	0.52056	461.69	0.090238	3.9582e-05	0.030906	vapor
615.00	1.0000	0.79139	1.2636	191.93	319.97	4.2501	0.31224	0.52056	462.07	0.089462	3.9629e-05	0.030943	vapor
616.00	1.0000	0.79011	1.2656	192.25	320.49	4.2509	0.31224	0.52056	462.45	0.088690	3.9676e-05	0.030979	vapor
617.00	1.0000	0.78883	1.2677	192.56	321.01	4.2518	0.31224	0.52056	462.82	0.087920	3.9722e-05	0.031016	vapor
618.00	1.0000	0.78755	1.2698	192.87	321.53	4.2526	0.31224	0.52055	463.20	0.087153	3.9769e-05	0.031052	vapor
619.00	1.0000	0.78628	1.2718	193.18	322.05	4.2535	0.31224	0.52055	463.57	0.086389	3.9816e-05	0.031088	vapor
620.00	1.0000	0.78501	1.2739	193.50	322.57	4.2543	0.31224	0.52055	463.94	0.085628	3.9863e-05	0.031125	vapor
621.00	1.0000	0.78375	1.2759	193.81	323.09	4.2552	0.31224	0.52055	464.32	0.084870	3.9909e-05	0.031161	vapor
622.00	1.0000	0.78249	1.2780	194.12	323.61	4.2560	0.31224	0.52055	464.69	0.084114	3.9956e-05	0.031198	vapor
623.00	1.0000	0.78123	1.2800	194.43	324.13	4.2568	0.31224	0.52055	465.06	0.083362	4.0002e-05	0.031234	vapor
624.00	1.0000	0.77998	1.2821	194.75	324.65	4.2577	0.31224	0.52055	465.44	0.082612	4.0049e-05	0.031270	vapor
625.00	1.0000	0.77873	1.2841	195.06	325.17	4.2585	0.31224	0.52055	465.81	0.081864	4.0095e-05	0.031307	vapor
626.00	1.0000	0.77748	1.2862	195.37	325.69	4.2593	0.31224	0.52055	466.18	0.081120	4.0142e-05	0.031343	vapor
627.00	1.0000	0.77624	1.2883	195.68	326.22	4.2602	0.31224	0.52055	466.55	0.080378	4.0188e-05	0.031379	vapor
628.00	1.0000	0.77501	1.2903	196.00	326.74	4.2610	0.31224	0.52055	466.93	0.079639	4.0235e-05	0.031415	vapor
629.00	1.0000	0.77378	1.2924	196.31	327.26	4.2618	0.31224	0.52055	467.30	0.078903	4.0281e-05	0.031451	vapor
630.00	1.0000	0.77255	1.2944	196.62	327.78	4.2626	0.31224	0.52055	467.67	0.078169	4.0327e-05	0.031488	vapor
631.00	1.0000	0.77132	1.2965	196.93	328.30	4.2635	0.31224	0.52054	468.04	0.077438	4.0374e-05	0.031524	vapor
632.00	1.0000	0.77010	1.2985	197.24	328.82	4.2643	0.31224	0.52054	468.41	0.076709	4.0420e-05	0.031560	vapor
633.00	1.0000	0.76889	1.3006	197.56	329.34	4.2651	0.31224	0.52054	468.78	0.075984	4.0466e-05	0.031596	vapor
634.00	1.0000	0.76767	1.3026	197.87	329.86	4.2659	0.31224	0.52054	469.15	0.075261	4.0512e-05	0.031632	vapor
635.00	1.0000	0.76646	1.3047	198.18	330.38	4.2668	0.31223	0.52054	469.52	0.074540	4.0559e-05	0.031668	vapor
636.00	1.0000	0.76526	1.3067	198.49	330.90	4.2676	0.31223	0.52054	469.89	0.073822	4.0605e-05	0.031704	vapor
637.00	1.0000	0.76406	1.3088	198.81	331.42	4.2684	0.31223	0.52054	470.26	0.073107	4.0651e-05	0.031740	vapor
638.00	1.0000	0.76286	1.3109	199.12	331.94	4.2692	0.31223	0.52054	470.63	0.072394	4.0697e-05	0.031776	vapor
639.00	1.0000	0.76166	1.3129	199.43	332.46	4.2700	0.31223	0.52054	471.00	0.071684	4.0743e-05	0.031812	vapor
640.00	1.0000	0.76047	1.3150	199.74	332.98	4.2708	0.31223	0.52054	471.36	0.070976	4.0789e-05	0.031848	vapor
641.00	1.0000	0.75929	1.3170	200.06	333.50	4.2717	0.31223	0.52054	471.73	0.070271	4.0835e-05	0.031884	vapor
642.00	1.0000	0.75811	1.3191	200.37	334.02	4.2725	0.31223	0.52054	472.10	0.069569	4.0881e-05	0.031919	vapor
643.00	1.0000	0.75693	1.3211	200.68	334.54	4.2733	0.31223	0.52054	472.47	0.068869	4.0927e-05	0.031955	vapor
644.00	1.0000	0.75575	1.3232	200.99	335.06	4.2741	0.31223	0.52053	472.83	0.068171	4.0973e-05	0.031991	vapor
645.00	1.0000	0.75458	1.3252	201.30	335.58	4.2749	0.31223	0.52053	473.20	0.067476	4.1018e-05	0.032027	vapor
646.00	1.0000	0.75341	1.3273	201.62	336.11	4.2757	0.31223	0.52053	473.57	0.066784	4.1064e-05	0.032063	vapor
647.00	1.0000	0.75225	1.3294	201.93	336.63	4.2765	0.31223	0.52053	473.93	0.066093	4.1110e-05	0.032098	vapor
648.00	1.0000	0.75108	1.3314	202.24	337.15	4.2773	0.31223	0.52053	474.30	0.065406	4.1156e-05	0.032134	vapor
649.00	1.0000	0.74993	1.3335	202.55	337.67	4.2781	0.31223	0.52053	474.67	0.064720	4.1202e-05	0.032170	vapor
650.00	1.0000	0.74877	1.3355	202.87	338.19	4.2789	0.31223	0.52053	475.03	0.064038	4.1247e-05	0.032205	vapor
651.00	1.0000	0.74762	1.3376	203.18	338.71	4.2797	0.31223	0.52053	475.40	0.063357	4.1293e-05	0.032241	vapor
652.00	1.0000	0.74648	1.3396	203.49	339.23	4.2805	0.31223	0.52053	475.76	0.062679	4.1339e-05	0.032277	vapor
653.00	1.0000	0.74533	1.3417	203.80	339.75	4.2813	0.31223	0.52053	476.13	0.062003	4.1384e-05	0.032312	vapor
654.00	1.0000	0.74419	1.3437	204.12	340.27	4.2821	0.31223	0.52053	476.49	0.061330	4.1430e-05	0.032348	vapor
655.00	1.0000	0.74306	1.3458	204.43	340.79	4.2829	0.31223	0.52053	476.85	0.060659	4.1475e-05	0.032383	vapor
656.00	1.0000	0.74192	1.3478	204.74	341.31	4.2837	0.31223	0.52053	477.22	0.059991	4.1521e-05	0.032419	vapor
657.00	1.0000	0.74079	1.3499	205.05	341.83	4.2845	0.31223	0.52053	477.58	0.059324	4.1566e-05	0.032454	vapor
658.00	1.0000	0.73967	1.3520	205.36	342.35	4.2853	0.31223	0.52053	477.94	0.058660	4.1612e-05	0.032490	vapor
659.00	1.0000	0.73855	1.3540	205.68	342.87	4.2861	0.31223	0.52052	478.31	0.057999	4.1657e-05	0.032525	vapor
660.00	1.0000	0.73743	1.3561	205.99	343.39	4.2869	0.31223	0.52052	478.67	0.057339	4.1702e-05	0.032560	vapor
661.00	1.0000	0.73631	1.3581	206.30	343.91	4.2876	0.31223	0.52052	479.03	0.056682	4.1748e-05	0.032596	vapor
662.00	1.0000	0.73520	1.3602	206.61	344.43	4.2884	0.31223	0.52052	479.39	0.056028	4.1793e-05	0.032631	vapor
663.00	1.0000	0.73409	1.3622	206.93	344.95	4.2892	0.31223	0.52052	479.76	0.055375	4.1838e-05	0.032667	vapor
664.00	1.0000	0.73298	1.3643	207.24	345.47	4.2900	0.31223	0.52052	480.12	0.054725	4.1884e-05	0.032702	vapor
665.00	1.0000	0.73188	1.3663	207.55	346.00	4.2908	0.31223	0.52052	480.48	0.054077	4.1929e-05	0.032737	vapor
666.00	1.0000	0.73078	1.3684	207.86	346.52	4.2916	0.31223	0.52052	480.84	0.053431	4.1974e-05	0.032772	vapor
667.00	1.0000	0.72969	1.3705	208.18	347.04	4.2924	0.31223	0.52052	481.20	0.052788	4.2019e-05	0.032808	vapor
668.00	1.0000	0.72859	1.3725	208.49	347.56	4.2931	0.31223	0.52052	481.56	0.052146	4.2064e-05	0.032843	vapor
669.00	1.0000	0.72751	1.3746	208.80	348.08	4.2939	0.31223	0.52052	481.92	0.051507	4.2109e-05	0.032878	vapor
670.00	1.0000	0.72642	1.3766	209.11	348.60	4.2947	0.31223	0.52052	482.28	0.050870	4.2154e-05	0.032913	vapor
671.00	1.0000	0.72534	1.3787	209.42	349.12	4.2955	0.31223	0.52052	482.64	0.050236	4.2199e-05	0.032948	vapor
672.00	1.0000	0.72426	1.3807	209.74	349.64	4.2962	0.31223	0.52052	483.00	0.049603	4.2244e-05	0.032983	vapor
673.00	1.0000	0.72318	1.3828	210.05	350.16	4.2970	0.31223	0.52052	483.36	0.048973	4.2289e-05	0.033019	vapor
674.00	1.0000	0.72211	1.3848	210.36	350.68	4.2978	0.31223	0.52051	483.72	0.048344	4.2334e-05	0.033054	vapor
675.00	1.0000	0.72104	1.3869	210.67	351.20	4.2986	0.31223	0.52051	484.08	0.047718	4.2379e-05	0.033089	vapor
676.00	1.0000	0.71997	1.3889	210.99	351.72	4.2993	0.31223	0.52051	484.43	0.047094	4.2424e-05	0.033124	vapor
677.00	1.0000	0.71891	1.3910	211.30	352.24	4.3001	0.31223	0.52051	484.79	0.046472	4.2469e-05	0.033159	vapor
678.00	1.0000	0.71785	1.3931	211.61	352.76	4.3009	0.31223	0.52051	485.15	0.045852	4.2514e-05	0.033194	vapor
679.00	1.0000	0.71679	1.3951	211.92	353.28	4.3016	0.31223	0.52051	485.51	0.045235	4.2559e-05	0.033229	vapor
680.00	1.0000	0.71574	1.3972	212.24	353.80	4.3024	0.31223	0.52051	485.87	0.044619	4.2603e-05	0.033264	vapor
681.00	1.0000	0.71468	1.3992	212.55	354.32	4.3032	0.31223	0.52051	486.22	0.044006	4.2648e-05	0.033298	vapor
682.00	1.0000	0.71364	1.4013	212.86	354.84	4.3039	0.31223	0.52051	486.58	0.043394	4.2693e-05	0.033333	vapor
683.00	1.0000	0.71259	1.4033	213.17	355.36	4.3047	0.31223	0.52051	486.94	0.042785	4.2737e-05	0.033368	vapor
684.00	1.0000	0.71155	1.4054	213.48	355.89	4.3055	0.31223	0.52051	487.29	0.042177	4.2782e-05	0.033403	vapor
685.00	1.0000	0.71051	1.4074	213.80	356.41	4.3062	0.31223	0.52051	487.65	0.041572	4.2827e-05	0.033438	vapor
686.00	1.0000	0.70947	1.4095	214.11	356.93	4.3070	0.31223	0.52051	488.00	0.040969	4.2871e-05	0.033473	vapor
687.00	1.0000	0.70844	1.4115	214.42	357.45	4.3077	0.31223	0.52051	488.36	0.040368	4.2916e-05	0.033507	vapor
688.00	1.0000	0.70741	1.4136	214.73	357.97	4.3085	0.31223	0.52051	488.71	0.039768	4.2960e-05	0.033542	vapor
689.00	1.0000	0.70639	1.4157	215.05	358.49	4.3092	0.31223	0.52051	489.07	0.039171	4.3005e-05	0.033577	vapor
690.00	1.0000	0.70536	1.4177	215.36	359.01	4.3100	0.31223	0.52051	489.42	0.038576	4.3049e-05	0.033612	vapor
691.00	1.0000	0.70434	1.4198	215.67	359.53	4.3108	0.31223	0.52050	489.78	0.037982	4.3094e-05	0.033646	vapor
692.00	1.0000	0.70332	1.4218	215.98	360.05	4.3115	0.31223	0.52050	490.13	0.037391	4.3138e-05	0.033681	vapor
693.00	1.0000	0.70231	1.4239	216.30	360.57	4.3123	0.31223	0.52050	490.49	0.036802	4.3183e-05	0.033716	vapor
694.00	1.0000	0.70130	1.4259	216.61	361.09	4.3130	0.31223	0.52050	490.84	0.036214	4.3227e-05	0.033750	vapor
695.00	1.0000	0.70029	1.4280	216.92	361.61	4.3138	0.31223	0.52050	491.19	0.035629	4.3271e-05	0.033785	vapor
696.00	1.0000	0.69928	1.4300	217.23	362.13	4.3145	0.31223	0.52050	491.55	0.035045	4.3316e-05	0.033819	vapor
697.00	1.0000	0.69828	1.4321	217.54	362.65	4.3153	0.31223	0.52050	491.90	0.034463	4.3360e-05	0.033854	vapor
698.00	1.0000	0.69728	1.4342	217.86	363.17	4.3160	0.31223	0.52050	492.25	0.033884	4.3404e-05	0.033888	vapor
699.00	1.0000	0.69628	1.4362	218.17	363.69	4.3167	0.31223	0.52050	492.60	0.033306	4.3448e-05	0.033923	vapor
700.00	1.0000	0.69528	1.4383	218.48	364.21	4.3175	0.31223	0.52050	492.96	0.032730	4.3492e-05	0.033957	vapor
