Temperature (K)	Pressure (atm)	Density (kg/m3)	Volume (m3/kg)	Internal Energy (kJ/kg)	Enthalpy (kJ/kg)	Entropy (J/g*K)	Cv (J/g*K)	Cp (J/g*K)	Sound Spd. (m/s)	Joule-Thomson (F/atm)	Viscosity (Pa*s)	Therm. Cond. (W/m*K)	Phase
150.00	1.0000	6.9211	0.14448	100.42	115.06	0.95376	0.15246	0.25816	156.14	5.0458	1.2897e-05	0.0046753	vapor
151.00	1.0000	6.8731	0.14550	100.57	115.32	0.95547	0.15235	0.25791	156.69	4.9778	1.2984e-05	0.0047111	vapor
152.00	1.0000	6.8257	0.14651	100.73	115.57	0.95717	0.15224	0.25767	157.24	4.9114	1.3072e-05	0.0047468	vapor
153.00	1.0000	6.7790	0.14751	100.88	115.83	0.95886	0.15214	0.25743	157.79	4.8466	1.3160e-05	0.0047824	vapor
154.00	1.0000	6.7330	0.14852	101.04	116.09	0.96054	0.15204	0.25720	158.33	4.7833	1.3247e-05	0.0048180	vapor
155.00	1.0000	6.6876	0.14953	101.19	116.35	0.96220	0.15195	0.25698	158.87	4.7214	1.3335e-05	0.0048535	vapor
156.00	1.0000	6.6428	0.15054	101.35	116.60	0.96385	0.15185	0.25677	159.41	4.6609	1.3423e-05	0.0048889	vapor
157.00	1.0000	6.5987	0.15154	101.50	116.86	0.96550	0.15177	0.25657	159.95	4.6018	1.3510e-05	0.0049243	vapor
158.00	1.0000	6.5552	0.15255	101.66	117.12	0.96712	0.15168	0.25637	160.48	4.5439	1.3598e-05	0.0049596	vapor
159.00	1.0000	6.5123	0.15356	101.81	117.37	0.96874	0.15160	0.25618	161.02	4.4874	1.3685e-05	0.0049948	vapor
160.00	1.0000	6.4699	0.15456	101.97	117.63	0.97035	0.15152	0.25599	161.55	4.4321	1.3773e-05	0.0050300	vapor
161.00	1.0000	6.4281	0.15557	102.12	117.88	0.97194	0.15144	0.25581	162.08	4.3779	1.3860e-05	0.0050651	vapor
162.00	1.0000	6.3869	0.15657	102.28	118.14	0.97352	0.15137	0.25564	162.60	4.3250	1.3948e-05	0.0051001	vapor
163.00	1.0000	6.3462	0.15757	102.43	118.40	0.97510	0.15130	0.25547	163.13	4.2731	1.4035e-05	0.0051350	vapor
164.00	1.0000	6.3061	0.15858	102.58	118.65	0.97666	0.15123	0.25531	163.65	4.2224	1.4123e-05	0.0051699	vapor
165.00	1.0000	6.2664	0.15958	102.74	118.91	0.97821	0.15117	0.25515	164.17	4.1727	1.4210e-05	0.0052047	vapor
166.00	1.0000	6.2273	0.16058	102.89	119.16	0.97975	0.15110	0.25500	164.69	4.1240	1.4298e-05	0.0052395	vapor
167.00	1.0000	6.1887	0.16158	103.04	119.42	0.98128	0.15104	0.25485	165.21	4.0763	1.4385e-05	0.0052741	vapor
168.00	1.0000	6.1506	0.16259	103.20	119.67	0.98280	0.15098	0.25471	165.72	4.0296	1.4472e-05	0.0053087	vapor
169.00	1.0000	6.1130	0.16359	103.35	119.93	0.98431	0.15093	0.25457	166.23	3.9838	1.4560e-05	0.0053432	vapor
170.00	1.0000	6.0758	0.16459	103.50	120.18	0.98582	0.15087	0.25443	166.74	3.9389	1.4647e-05	0.0053777	vapor
171.00	1.0000	6.0391	0.16559	103.66	120.43	0.98731	0.15082	0.25430	167.25	3.8950	1.4734e-05	0.0054121	vapor
172.00	1.0000	6.0028	0.16659	103.81	120.69	0.98879	0.15076	0.25418	167.76	3.8518	1.4821e-05	0.0054464	vapor
173.00	1.0000	5.9670	0.16759	103.96	120.94	0.99026	0.15071	0.25405	168.27	3.8095	1.4909e-05	0.0054807	vapor
174.00	1.0000	5.9317	0.16859	104.11	121.20	0.99173	0.15067	0.25393	168.77	3.7681	1.4996e-05	0.0055149	vapor
175.00	1.0000	5.8967	0.16959	104.27	121.45	0.99318	0.15062	0.25382	169.27	3.7274	1.5083e-05	0.0055490	vapor
176.00	1.0000	5.8622	0.17058	104.42	121.70	0.99463	0.15057	0.25370	169.77	3.6875	1.5170e-05	0.0055831	vapor
177.00	1.0000	5.8281	0.17158	104.57	121.96	0.99607	0.15053	0.25359	170.27	3.6483	1.5257e-05	0.0056171	vapor
178.00	1.0000	5.7944	0.17258	104.72	122.21	0.99749	0.15049	0.25349	170.77	3.6099	1.5344e-05	0.0056511	vapor
179.00	1.0000	5.7611	0.17358	104.88	122.46	0.99891	0.15045	0.25338	171.26	3.5722	1.5430e-05	0.0056849	vapor
180.00	1.0000	5.7282	0.17458	105.03	122.72	1.0003	0.15041	0.25328	171.76	3.5351	1.5517e-05	0.0057188	vapor
181.00	1.0000	5.6957	0.17557	105.18	122.97	1.0017	0.15037	0.25318	172.25	3.4988	1.5604e-05	0.0057525	vapor
182.00	1.0000	5.6635	0.17657	105.33	123.22	1.0031	0.15033	0.25309	172.74	3.4631	1.5691e-05	0.0057862	vapor
183.00	1.0000	5.6317	0.17757	105.49	123.48	1.0045	0.15029	0.25299	173.23	3.4280	1.5777e-05	0.0058199	vapor
184.00	1.0000	5.6003	0.17856	105.64	123.73	1.0059	0.15026	0.25290	173.72	3.3936	1.5864e-05	0.0058534	vapor
185.00	1.0000	5.5693	0.17956	105.79	123.98	1.0073	0.15022	0.25282	174.20	3.3597	1.5950e-05	0.0058869	vapor
186.00	1.0000	5.5385	0.18055	105.94	124.24	1.0086	0.15019	0.25273	174.68	3.3265	1.6037e-05	0.0059204	vapor
187.00	1.0000	5.5082	0.18155	106.09	124.49	1.0100	0.15016	0.25265	175.17	3.2938	1.6123e-05	0.0059538	vapor
188.00	1.0000	5.4782	0.18254	106.25	124.74	1.0113	0.15013	0.25256	175.65	3.2617	1.6209e-05	0.0059872	vapor
189.00	1.0000	5.4485	0.18354	106.40	124.99	1.0127	0.15010	0.25249	176.13	3.2302	1.6296e-05	0.0060204	vapor
190.00	1.0000	5.4191	0.18453	106.55	125.25	1.0140	0.15007	0.25241	176.61	3.1992	1.6382e-05	0.0060537	vapor
191.00	1.0000	5.3900	0.18553	106.70	125.50	1.0153	0.15004	0.25233	177.08	3.1687	1.6468e-05	0.0060868	vapor
192.00	1.0000	5.3613	0.18652	106.85	125.75	1.0166	0.15001	0.25226	177.56	3.1387	1.6554e-05	0.0061200	vapor
193.00	1.0000	5.3329	0.18752	107.00	126.00	1.0179	0.14999	0.25219	178.03	3.1092	1.6640e-05	0.0061530	vapor
194.00	1.0000	5.3048	0.18851	107.15	126.26	1.0193	0.14996	0.25212	178.51	3.0802	1.6726e-05	0.0061860	vapor
195.00	1.0000	5.2770	0.18950	107.31	126.51	1.0205	0.14993	0.25205	178.98	3.0516	1.6811e-05	0.0062190	vapor
196.00	1.0000	5.2495	0.19050	107.46	126.76	1.0218	0.14991	0.25198	179.45	3.0236	1.6897e-05	0.0062518	vapor
197.00	1.0000	5.2222	0.19149	107.61	127.01	1.0231	0.14989	0.25192	179.92	2.9959	1.6983e-05	0.0062847	vapor
198.00	1.0000	5.1953	0.19248	107.76	127.26	1.0244	0.14986	0.25186	180.38	2.9688	1.7068e-05	0.0063175	vapor
199.00	1.0000	5.1686	0.19347	107.91	127.52	1.0257	0.14984	0.25179	180.85	2.9420	1.7154e-05	0.0063502	vapor
200.00	1.0000	5.1423	0.19447	108.06	127.77	1.0269	0.14982	0.25173	181.31	2.9157	1.7239e-05	0.0063829	vapor
201.00	1.0000	5.1161	0.19546	108.21	128.02	1.0282	0.14980	0.25168	181.78	2.8898	1.7324e-05	0.0064155	vapor
202.00	1.0000	5.0903	0.19645	108.36	128.27	1.0294	0.14978	0.25162	182.24	2.8642	1.7410e-05	0.0064481	vapor
203.00	1.0000	5.0647	0.19744	108.52	128.52	1.0307	0.14976	0.25156	182.70	2.8391	1.7495e-05	0.0064806	vapor
204.00	1.0000	5.0394	0.19844	108.67	128.77	1.0319	0.14974	0.25151	183.16	2.8144	1.7580e-05	0.0065130	vapor
205.00	1.0000	5.0144	0.19943	108.82	129.02	1.0331	0.14972	0.25145	183.62	2.7900	1.7665e-05	0.0065454	vapor
206.00	1.0000	4.9895	0.20042	108.97	129.28	1.0344	0.14970	0.25140	184.07	2.7660	1.7750e-05	0.0065778	vapor
207.00	1.0000	4.9650	0.20141	109.12	129.53	1.0356	0.14968	0.25135	184.53	2.7424	1.7834e-05	0.0066101	vapor
208.00	1.0000	4.9407	0.20240	109.27	129.78	1.0368	0.14966	0.25130	184.98	2.7191	1.7919e-05	0.0066424	vapor
209.00	1.0000	4.9166	0.20339	109.42	130.03	1.0380	0.14965	0.25125	185.44	2.6961	1.8004e-05	0.0066746	vapor
210.00	1.0000	4.8928	0.20438	109.57	130.28	1.0392	0.14963	0.25120	185.89	2.6735	1.8088e-05	0.0067067	vapor
211.00	1.0000	4.8692	0.20537	109.72	130.53	1.0404	0.14961	0.25116	186.34	2.6512	1.8173e-05	0.0067388	vapor
212.00	1.0000	4.8458	0.20636	109.87	130.78	1.0416	0.14960	0.25111	186.79	2.6293	1.8257e-05	0.0067708	vapor
213.00	1.0000	4.8226	0.20736	110.02	131.04	1.0428	0.14958	0.25107	187.24	2.6076	1.8341e-05	0.0068028	vapor
214.00	1.0000	4.7997	0.20835	110.18	131.29	1.0439	0.14957	0.25102	187.68	2.5863	1.8425e-05	0.0068348	vapor
215.00	1.0000	4.7770	0.20934	110.33	131.54	1.0451	0.14955	0.25098	188.13	2.5653	1.8509e-05	0.0068667	vapor
216.00	1.0000	4.7545	0.21033	110.48	131.79	1.0463	0.14954	0.25094	188.57	2.5445	1.8593e-05	0.0068985	vapor
217.00	1.0000	4.7323	0.21132	110.63	132.04	1.0474	0.14953	0.25090	189.02	2.5241	1.8677e-05	0.0069303	vapor
218.00	1.0000	4.7102	0.21231	110.78	132.29	1.0486	0.14951	0.25086	189.46	2.5039	1.8761e-05	0.0069620	vapor
219.00	1.0000	4.6883	0.21329	110.93	132.54	1.0497	0.14950	0.25082	189.90	2.4840	1.8845e-05	0.0069937	vapor
220.00	1.0000	4.6667	0.21428	111.08	132.79	1.0509	0.14949	0.25078	190.34	2.4644	1.8928e-05	0.0070254	vapor
221.00	1.0000	4.6453	0.21527	111.23	133.04	1.0520	0.14947	0.25074	190.78	2.4450	1.9012e-05	0.0070570	vapor
222.00	1.0000	4.6240	0.21626	111.38	133.29	1.0531	0.14946	0.25071	191.22	2.4260	1.9095e-05	0.0070885	vapor
223.00	1.0000	4.6030	0.21725	111.53	133.54	1.0543	0.14945	0.25067	191.66	2.4071	1.9178e-05	0.0071200	vapor
224.00	1.0000	4.5821	0.21824	111.68	133.79	1.0554	0.14944	0.25063	192.09	2.3885	1.9262e-05	0.0071514	vapor
225.00	1.0000	4.5614	0.21923	111.83	134.04	1.0565	0.14943	0.25060	192.53	2.3702	1.9345e-05	0.0071828	vapor
226.00	1.0000	4.5409	0.22022	111.98	134.30	1.0576	0.14942	0.25057	192.96	2.3521	1.9428e-05	0.0072142	vapor
227.00	1.0000	4.5206	0.22121	112.13	134.55	1.0587	0.14940	0.25053	193.40	2.3342	1.9510e-05	0.0072455	vapor
228.00	1.0000	4.5005	0.22220	112.28	134.80	1.0598	0.14939	0.25050	193.83	2.3166	1.9593e-05	0.0072767	vapor
229.00	1.0000	4.4806	0.22318	112.43	135.05	1.0609	0.14938	0.25047	194.26	2.2992	1.9676e-05	0.0073079	vapor
230.00	1.0000	4.4608	0.22417	112.58	135.30	1.0620	0.14937	0.25044	194.69	2.2820	1.9758e-05	0.0073391	vapor
231.00	1.0000	4.4413	0.22516	112.73	135.55	1.0631	0.14936	0.25041	195.12	2.2651	1.9841e-05	0.0073702	vapor
232.00	1.0000	4.4219	0.22615	112.88	135.80	1.0642	0.14935	0.25038	195.55	2.2483	1.9923e-05	0.0074012	vapor
233.00	1.0000	4.4026	0.22714	113.03	136.05	1.0653	0.14935	0.25035	195.97	2.2318	2.0005e-05	0.0074322	vapor
234.00	1.0000	4.3836	0.22812	113.18	136.30	1.0663	0.14934	0.25032	196.40	2.2154	2.0088e-05	0.0074632	vapor
235.00	1.0000	4.3647	0.22911	113.33	136.55	1.0674	0.14933	0.25029	196.83	2.1993	2.0170e-05	0.0074941	vapor
236.00	1.0000	4.3459	0.23010	113.48	136.80	1.0685	0.14932	0.25026	197.25	2.1834	2.0252e-05	0.0075250	vapor
237.00	1.0000	4.3274	0.23109	113.63	137.05	1.0695	0.14931	0.25023	197.67	2.1676	2.0333e-05	0.0075558	vapor
238.00	1.0000	4.3089	0.23208	113.78	137.30	1.0706	0.14930	0.25021	198.09	2.1521	2.0415e-05	0.0075865	vapor
239.00	1.0000	4.2907	0.23306	113.94	137.55	1.0716	0.14929	0.25018	198.52	2.1367	2.0497e-05	0.0076173	vapor
240.00	1.0000	4.2726	0.23405	114.09	137.80	1.0727	0.14929	0.25015	198.94	2.1216	2.0578e-05	0.0076479	vapor
241.00	1.0000	4.2546	0.23504	114.24	138.05	1.0737	0.14928	0.25013	199.36	2.1066	2.0660e-05	0.0076785	vapor
242.00	1.0000	4.2368	0.23603	114.39	138.30	1.0747	0.14927	0.25010	199.77	2.0918	2.0741e-05	0.0077091	vapor
243.00	1.0000	4.2192	0.23701	114.54	138.55	1.0758	0.14926	0.25008	200.19	2.0771	2.0822e-05	0.0077397	vapor
244.00	1.0000	4.2017	0.23800	114.69	138.80	1.0768	0.14926	0.25006	200.61	2.0627	2.0903e-05	0.0077701	vapor
245.00	1.0000	4.1843	0.23899	114.84	139.05	1.0778	0.14925	0.25003	201.02	2.0484	2.0984e-05	0.0078006	vapor
246.00	1.0000	4.1671	0.23997	114.99	139.30	1.0788	0.14924	0.25001	201.44	2.0342	2.1065e-05	0.0078310	vapor
247.00	1.0000	4.1501	0.24096	115.14	139.55	1.0798	0.14924	0.24999	201.85	2.0203	2.1146e-05	0.0078613	vapor
248.00	1.0000	4.1331	0.24195	115.29	139.80	1.0809	0.14923	0.24996	202.26	2.0064	2.1227e-05	0.0078916	vapor
249.00	1.0000	4.1164	0.24293	115.44	140.05	1.0819	0.14922	0.24994	202.68	1.9928	2.1307e-05	0.0079218	vapor
250.00	1.0000	4.0997	0.24392	115.59	140.30	1.0829	0.14922	0.24992	203.09	1.9793	2.1388e-05	0.0079520	vapor
251.00	1.0000	4.0832	0.24491	115.74	140.55	1.0839	0.14921	0.24990	203.50	1.9660	2.1468e-05	0.0079822	vapor
252.00	1.0000	4.0668	0.24589	115.89	140.80	1.0849	0.14920	0.24988	203.91	1.9528	2.1548e-05	0.0080123	vapor
253.00	1.0000	4.0506	0.24688	116.04	141.05	1.0858	0.14920	0.24986	204.32	1.9397	2.1628e-05	0.0080424	vapor
254.00	1.0000	4.0345	0.24787	116.19	141.30	1.0868	0.14919	0.24984	204.72	1.9268	2.1708e-05	0.0080724	vapor
255.00	1.0000	4.0185	0.24885	116.34	141.55	1.0878	0.14919	0.24982	205.13	1.9140	2.1788e-05	0.0081024	vapor
256.00	1.0000	4.0026	0.24984	116.49	141.80	1.0888	0.14918	0.24980	205.54	1.9014	2.1868e-05	0.0081323	vapor
257.00	1.0000	3.9869	0.25082	116.63	142.05	1.0898	0.14918	0.24978	205.94	1.8889	2.1948e-05	0.0081622	vapor
258.00	1.0000	3.9713	0.25181	116.78	142.30	1.0907	0.14917	0.24976	206.35	1.8766	2.2027e-05	0.0081920	vapor
259.00	1.0000	3.9558	0.25280	116.93	142.55	1.0917	0.14917	0.24974	206.75	1.8644	2.2107e-05	0.0082218	vapor
260.00	1.0000	3.9404	0.25378	117.08	142.80	1.0927	0.14916	0.24972	207.15	1.8523	2.2186e-05	0.0082516	vapor
261.00	1.0000	3.9252	0.25477	117.23	143.05	1.0936	0.14916	0.24971	207.56	1.8403	2.2265e-05	0.0082813	vapor
262.00	1.0000	3.9100	0.25575	117.38	143.30	1.0946	0.14915	0.24969	207.96	1.8285	2.2344e-05	0.0083109	vapor
263.00	1.0000	3.8950	0.25674	117.53	143.55	1.0955	0.14915	0.24967	208.36	1.8168	2.2423e-05	0.0083405	vapor
264.00	1.0000	3.8801	0.25772	117.68	143.80	1.0965	0.14914	0.24965	208.76	1.8052	2.2502e-05	0.0083701	vapor
265.00	1.0000	3.8653	0.25871	117.83	144.05	1.0974	0.14914	0.24964	209.15	1.7937	2.2581e-05	0.0083996	vapor
266.00	1.0000	3.8507	0.25970	117.98	144.30	1.0984	0.14913	0.24962	209.55	1.7824	2.2660e-05	0.0084291	vapor
267.00	1.0000	3.8361	0.26068	118.13	144.55	1.0993	0.14913	0.24960	209.95	1.7711	2.2739e-05	0.0084585	vapor
268.00	1.0000	3.8217	0.26167	118.28	144.80	1.1002	0.14912	0.24959	210.35	1.7600	2.2817e-05	0.0084879	vapor
269.00	1.0000	3.8073	0.26265	118.43	145.05	1.1012	0.14912	0.24957	210.74	1.7490	2.2895e-05	0.0085173	vapor
270.00	1.0000	3.7931	0.26364	118.58	145.30	1.1021	0.14912	0.24956	211.14	1.7381	2.2974e-05	0.0085466	vapor
271.00	1.0000	3.7790	0.26462	118.73	145.54	1.1030	0.14911	0.24954	211.53	1.7273	2.3052e-05	0.0085758	vapor
272.00	1.0000	3.7650	0.26561	118.88	145.79	1.1039	0.14911	0.24953	211.92	1.7167	2.3130e-05	0.0086050	vapor
273.00	1.0000	3.7510	0.26659	119.03	146.04	1.1048	0.14910	0.24951	212.32	1.7061	2.3208e-05	0.0086342	vapor
274.00	1.0000	3.7372	0.26758	119.18	146.29	1.1058	0.14910	0.24950	212.71	1.6956	2.3286e-05	0.0086633	vapor
275.00	1.0000	3.7235	0.26856	119.33	146.54	1.1067	0.14910	0.24948	213.10	1.6853	2.3364e-05	0.0086924	vapor
276.00	1.0000	3.7099	0.26955	119.48	146.79	1.1076	0.14909	0.24947	213.49	1.6750	2.3441e-05	0.0087214	vapor
277.00	1.0000	3.6964	0.27053	119.63	147.04	1.1085	0.14909	0.24946	213.88	1.6648	2.3519e-05	0.0087504	vapor
278.00	1.0000	3.6830	0.27152	119.78	147.29	1.1094	0.14909	0.24944	214.27	1.6548	2.3596e-05	0.0087794	vapor
279.00	1.0000	3.6697	0.27250	119.93	147.54	1.1103	0.14908	0.24943	214.66	1.6448	2.3673e-05	0.0088083	vapor
280.00	1.0000	3.6565	0.27349	120.08	147.79	1.1112	0.14908	0.24941	215.04	1.6349	2.3751e-05	0.0088372	vapor
281.00	1.0000	3.6434	0.27447	120.23	148.04	1.1120	0.14907	0.24940	215.43	1.6252	2.3828e-05	0.0088660	vapor
282.00	1.0000	3.6303	0.27546	120.38	148.29	1.1129	0.14907	0.24939	215.82	1.6155	2.3905e-05	0.0088948	vapor
283.00	1.0000	3.6174	0.27644	120.53	148.54	1.1138	0.14907	0.24938	216.20	1.6059	2.3982e-05	0.0089235	vapor
284.00	1.0000	3.6046	0.27743	120.68	148.79	1.1147	0.14907	0.24936	216.59	1.5964	2.4058e-05	0.0089522	vapor
285.00	1.0000	3.5918	0.27841	120.83	149.04	1.1156	0.14906	0.24935	216.97	1.5870	2.4135e-05	0.0089809	vapor
286.00	1.0000	3.5792	0.27939	120.98	149.29	1.1164	0.14906	0.24934	217.35	1.5777	2.4212e-05	0.0090095	vapor
287.00	1.0000	3.5666	0.28038	121.13	149.54	1.1173	0.14906	0.24933	217.74	1.5684	2.4288e-05	0.0090381	vapor
288.00	1.0000	3.5541	0.28136	121.28	149.79	1.1182	0.14905	0.24932	218.12	1.5593	2.4365e-05	0.0090666	vapor
289.00	1.0000	3.5417	0.28235	121.43	150.03	1.1190	0.14905	0.24930	218.50	1.5502	2.4441e-05	0.0090951	vapor
290.00	1.0000	3.5294	0.28333	121.58	150.28	1.1199	0.14905	0.24929	218.88	1.5412	2.4517e-05	0.0091235	vapor
291.00	1.0000	3.5172	0.28432	121.72	150.53	1.1208	0.14905	0.24928	219.26	1.5323	2.4593e-05	0.0091520	vapor
292.00	1.0000	3.5051	0.28530	121.87	150.78	1.1216	0.14904	0.24927	219.64	1.5235	2.4669e-05	0.0091803	vapor
293.00	1.0000	3.4930	0.28628	122.02	151.03	1.1225	0.14904	0.24926	220.02	1.5148	2.4745e-05	0.0092086	vapor
294.00	1.0000	3.4811	0.28727	122.17	151.28	1.1233	0.14904	0.24925	220.39	1.5061	2.4820e-05	0.0092369	vapor
295.00	1.0000	3.4692	0.28825	122.32	151.53	1.1242	0.14903	0.24924	220.77	1.4975	2.4896e-05	0.0092652	vapor
296.00	1.0000	3.4574	0.28924	122.47	151.78	1.1250	0.14903	0.24923	221.15	1.4890	2.4972e-05	0.0092934	vapor
297.00	1.0000	3.4457	0.29022	122.62	152.03	1.1259	0.14903	0.24922	221.52	1.4806	2.5047e-05	0.0093215	vapor
298.00	1.0000	3.4340	0.29120	122.77	152.28	1.1267	0.14903	0.24921	221.90	1.4722	2.5122e-05	0.0093497	vapor
299.00	1.0000	3.4225	0.29219	122.92	152.53	1.1275	0.14902	0.24920	222.27	1.4639	2.5198e-05	0.0093777	vapor
300.00	1.0000	3.4110	0.29317	123.07	152.78	1.1284	0.14902	0.24919	222.65	1.4557	2.5273e-05	0.0094058	vapor
301.00	1.0000	3.3996	0.29416	123.22	153.03	1.1292	0.14902	0.24918	223.02	1.4475	2.5348e-05	0.0094338	vapor
302.00	1.0000	3.3882	0.29514	123.37	153.27	1.1300	0.14902	0.24917	223.39	1.4395	2.5423e-05	0.0094617	vapor
303.00	1.0000	3.3770	0.29612	123.52	153.52	1.1308	0.14902	0.24916	223.76	1.4315	2.5497e-05	0.0094897	vapor
304.00	1.0000	3.3658	0.29711	123.67	153.77	1.1317	0.14901	0.24915	224.13	1.4235	2.5572e-05	0.0095175	vapor
305.00	1.0000	3.3547	0.29809	123.82	154.02	1.1325	0.14901	0.24914	224.50	1.4157	2.5647e-05	0.0095454	vapor
306.00	1.0000	3.3436	0.29907	123.97	154.27	1.1333	0.14901	0.24913	224.87	1.4079	2.5721e-05	0.0095732	vapor
307.00	1.0000	3.3327	0.30006	124.12	154.52	1.1341	0.14901	0.24912	225.24	1.4001	2.5796e-05	0.0096010	vapor
308.00	1.0000	3.3218	0.30104	124.27	154.77	1.1349	0.14901	0.24911	225.61	1.3924	2.5870e-05	0.0096287	vapor
309.00	1.0000	3.3110	0.30203	124.42	155.02	1.1357	0.14900	0.24910	225.98	1.3848	2.5944e-05	0.0096564	vapor
310.00	1.0000	3.3002	0.30301	124.57	155.27	1.1365	0.14900	0.24909	226.35	1.3773	2.6018e-05	0.0096840	vapor
311.00	1.0000	3.2896	0.30399	124.71	155.52	1.1373	0.14900	0.24908	226.71	1.3698	2.6092e-05	0.0097116	vapor
312.00	1.0000	3.2789	0.30498	124.86	155.77	1.1381	0.14900	0.24908	227.08	1.3624	2.6166e-05	0.0097392	vapor
313.00	1.0000	3.2684	0.30596	125.01	156.01	1.1389	0.14900	0.24907	227.45	1.3550	2.6240e-05	0.0097667	vapor
314.00	1.0000	3.2579	0.30694	125.16	156.26	1.1397	0.14899	0.24906	227.81	1.3477	2.6314e-05	0.0097942	vapor
315.00	1.0000	3.2475	0.30793	125.31	156.51	1.1405	0.14899	0.24905	228.18	1.3405	2.6387e-05	0.0098217	vapor
316.00	1.0000	3.2372	0.30891	125.46	156.76	1.1413	0.14899	0.24904	228.54	1.3333	2.6461e-05	0.0098491	vapor
317.00	1.0000	3.2269	0.30989	125.61	157.01	1.1421	0.14899	0.24903	228.90	1.3262	2.6534e-05	0.0098765	vapor
318.00	1.0000	3.2167	0.31088	125.76	157.26	1.1429	0.14899	0.24903	229.27	1.3191	2.6608e-05	0.0099038	vapor
319.00	1.0000	3.2066	0.31186	125.91	157.51	1.1437	0.14899	0.24902	229.63	1.3121	2.6681e-05	0.0099311	vapor
320.00	1.0000	3.1965	0.31284	126.06	157.76	1.1444	0.14898	0.24901	229.99	1.3052	2.6754e-05	0.0099584	vapor
321.00	1.0000	3.1865	0.31383	126.21	158.01	1.1452	0.14898	0.24900	230.35	1.2983	2.6827e-05	0.0099856	vapor
322.00	1.0000	3.1765	0.31481	126.36	158.26	1.1460	0.14898	0.24900	230.71	1.2914	2.6900e-05	0.010013	vapor
323.00	1.0000	3.1666	0.31579	126.51	158.50	1.1468	0.14898	0.24899	231.07	1.2846	2.6973e-05	0.010040	vapor
324.00	1.0000	3.1568	0.31678	126.66	158.75	1.1475	0.14898	0.24898	231.43	1.2779	2.7046e-05	0.010067	vapor
325.00	1.0000	3.1470	0.31776	126.81	159.00	1.1483	0.14898	0.24897	231.79	1.2712	2.7118e-05	0.010094	vapor
326.00	1.0000	3.1373	0.31874	126.96	159.25	1.1491	0.14897	0.24897	232.15	1.2646	2.7191e-05	0.010121	vapor
327.00	1.0000	3.1277	0.31972	127.10	159.50	1.1498	0.14897	0.24896	232.50	1.2580	2.7263e-05	0.010148	vapor
328.00	1.0000	3.1181	0.32071	127.25	159.75	1.1506	0.14897	0.24895	232.86	1.2515	2.7336e-05	0.010175	vapor
329.00	1.0000	3.1086	0.32169	127.40	160.00	1.1513	0.14897	0.24895	233.22	1.2450	2.7408e-05	0.010202	vapor
330.00	1.0000	3.0991	0.32267	127.55	160.25	1.1521	0.14897	0.24894	233.57	1.2385	2.7480e-05	0.010229	vapor
331.00	1.0000	3.0897	0.32366	127.70	160.50	1.1529	0.14897	0.24893	233.93	1.2322	2.7552e-05	0.010256	vapor
332.00	1.0000	3.0803	0.32464	127.85	160.75	1.1536	0.14897	0.24893	234.28	1.2258	2.7624e-05	0.010283	vapor
333.00	1.0000	3.0710	0.32562	128.00	160.99	1.1544	0.14896	0.24892	234.64	1.2195	2.7696e-05	0.010310	vapor
334.00	1.0000	3.0618	0.32660	128.15	161.24	1.1551	0.14896	0.24891	234.99	1.2133	2.7768e-05	0.010336	vapor
335.00	1.0000	3.0526	0.32759	128.30	161.49	1.1558	0.14896	0.24891	235.34	1.2071	2.7839e-05	0.010363	vapor
336.00	1.0000	3.0435	0.32857	128.45	161.74	1.1566	0.14896	0.24890	235.70	1.2010	2.7911e-05	0.010390	vapor
337.00	1.0000	3.0344	0.32955	128.60	161.99	1.1573	0.14896	0.24889	236.05	1.1949	2.7983e-05	0.010416	vapor
338.00	1.0000	3.0254	0.33054	128.75	162.24	1.1581	0.14896	0.24889	236.40	1.1888	2.8054e-05	0.010443	vapor
339.00	1.0000	3.0164	0.33152	128.90	162.49	1.1588	0.14896	0.24888	236.75	1.1828	2.8125e-05	0.010470	vapor
340.00	1.0000	3.0075	0.33250	129.05	162.74	1.1595	0.14896	0.24887	237.10	1.1768	2.8197e-05	0.010496	vapor
341.00	1.0000	2.9986	0.33348	129.20	162.99	1.1603	0.14895	0.24887	237.45	1.1709	2.8268e-05	0.010523	vapor
342.00	1.0000	2.9898	0.33447	129.34	163.23	1.1610	0.14895	0.24886	237.80	1.1650	2.8339e-05	0.010549	vapor
343.00	1.0000	2.9811	0.33545	129.49	163.48	1.1617	0.14895	0.24886	238.15	1.1592	2.8410e-05	0.010576	vapor
344.00	1.0000	2.9724	0.33643	129.64	163.73	1.1624	0.14895	0.24885	238.50	1.1534	2.8481e-05	0.010602	vapor
345.00	1.0000	2.9637	0.33741	129.79	163.98	1.1632	0.14895	0.24884	238.84	1.1476	2.8552e-05	0.010628	vapor
346.00	1.0000	2.9551	0.33840	129.94	164.23	1.1639	0.14895	0.24884	239.19	1.1419	2.8622e-05	0.010655	vapor
347.00	1.0000	2.9466	0.33938	130.09	164.48	1.1646	0.14895	0.24883	239.54	1.1363	2.8693e-05	0.010681	vapor
348.00	1.0000	2.9381	0.34036	130.24	164.73	1.1653	0.14895	0.24883	239.88	1.1306	2.8763e-05	0.010707	vapor
349.00	1.0000	2.9296	0.34134	130.39	164.98	1.1660	0.14895	0.24882	240.23	1.1250	2.8834e-05	0.010734	vapor
350.00	1.0000	2.9212	0.34233	130.54	165.23	1.1667	0.14894	0.24882	240.57	1.1195	2.8904e-05	0.010760	vapor
351.00	1.0000	2.9128	0.34331	130.69	165.47	1.1675	0.14894	0.24881	240.92	1.1140	2.8974e-05	0.010786	vapor
352.00	1.0000	2.9045	0.34429	130.84	165.72	1.1682	0.14894	0.24881	241.26	1.1085	2.9045e-05	0.010812	vapor
353.00	1.0000	2.8963	0.34527	130.99	165.97	1.1689	0.14894	0.24880	241.61	1.1031	2.9115e-05	0.010838	vapor
354.00	1.0000	2.8880	0.34626	131.14	166.22	1.1696	0.14894	0.24880	241.95	1.0977	2.9185e-05	0.010864	vapor
355.00	1.0000	2.8799	0.34724	131.29	166.47	1.1703	0.14894	0.24879	242.29	1.0923	2.9255e-05	0.010890	vapor
356.00	1.0000	2.8717	0.34822	131.43	166.72	1.1710	0.14894	0.24879	242.64	1.0870	2.9324e-05	0.010916	vapor
357.00	1.0000	2.8637	0.34920	131.58	166.97	1.1717	0.14894	0.24878	242.98	1.0817	2.9394e-05	0.010942	vapor
358.00	1.0000	2.8556	0.35019	131.73	167.22	1.1724	0.14894	0.24878	243.32	1.0764	2.9464e-05	0.010968	vapor
359.00	1.0000	2.8476	0.35117	131.88	167.46	1.1731	0.14894	0.24877	243.66	1.0712	2.9533e-05	0.010994	vapor
360.00	1.0000	2.8397	0.35215	132.03	167.71	1.1737	0.14894	0.24877	244.00	1.0660	2.9603e-05	0.011020	vapor
361.00	1.0000	2.8318	0.35313	132.18	167.96	1.1744	0.14893	0.24876	244.34	1.0609	2.9672e-05	0.011046	vapor
362.00	1.0000	2.8239	0.35411	132.33	168.21	1.1751	0.14893	0.24876	244.68	1.0558	2.9742e-05	0.011072	vapor
363.00	1.0000	2.8161	0.35510	132.48	168.46	1.1758	0.14893	0.24875	245.02	1.0507	2.9811e-05	0.011097	vapor
364.00	1.0000	2.8084	0.35608	132.63	168.71	1.1765	0.14893	0.24875	245.36	1.0457	2.9880e-05	0.011123	vapor
365.00	1.0000	2.8006	0.35706	132.78	168.96	1.1772	0.14893	0.24874	245.69	1.0407	2.9949e-05	0.011149	vapor
366.00	1.0000	2.7930	0.35804	132.93	169.21	1.1779	0.14893	0.24874	246.03	1.0357	3.0018e-05	0.011175	vapor
367.00	1.0000	2.7853	0.35903	133.08	169.45	1.1785	0.14893	0.24873	246.37	1.0308	3.0087e-05	0.011200	vapor
368.00	1.0000	2.7777	0.36001	133.23	169.70	1.1792	0.14893	0.24873	246.70	1.0258	3.0156e-05	0.011226	vapor
369.00	1.0000	2.7702	0.36099	133.37	169.95	1.1799	0.14893	0.24872	247.04	1.0210	3.0225e-05	0.011251	vapor
370.00	1.0000	2.7626	0.36197	133.52	170.20	1.1806	0.14893	0.24872	247.38	1.0161	3.0293e-05	0.011277	vapor
371.00	1.0000	2.7552	0.36295	133.67	170.45	1.1812	0.14893	0.24871	247.71	1.0113	3.0362e-05	0.011303	vapor
372.00	1.0000	2.7477	0.36394	133.82	170.70	1.1819	0.14893	0.24871	248.05	1.0065	3.0430e-05	0.011328	vapor
373.00	1.0000	2.7403	0.36492	133.97	170.95	1.1826	0.14892	0.24871	248.38	1.0018	3.0499e-05	0.011354	vapor
374.00	1.0000	2.7330	0.36590	134.12	171.20	1.1832	0.14892	0.24870	248.71	0.99707	3.0567e-05	0.011379	vapor
375.00	1.0000	2.7257	0.36688	134.27	171.44	1.1839	0.14892	0.24870	249.05	0.99238	3.0635e-05	0.011404	vapor
376.00	1.0000	2.7184	0.36786	134.42	171.69	1.1846	0.14892	0.24869	249.38	0.98772	3.0704e-05	0.011430	vapor
377.00	1.0000	2.7112	0.36885	134.57	171.94	1.1852	0.14892	0.24869	249.71	0.98309	3.0772e-05	0.011455	vapor
378.00	1.0000	2.7040	0.36983	134.72	172.19	1.1859	0.14892	0.24869	250.04	0.97850	3.0840e-05	0.011480	vapor
379.00	1.0000	2.6968	0.37081	134.87	172.44	1.1865	0.14892	0.24868	250.38	0.97393	3.0908e-05	0.011506	vapor
380.00	1.0000	2.6897	0.37179	135.02	172.69	1.1872	0.14892	0.24868	250.71	0.96939	3.0975e-05	0.011531	vapor
381.00	1.0000	2.6826	0.37277	135.16	172.94	1.1879	0.14892	0.24867	251.04	0.96488	3.1043e-05	0.011556	vapor
382.00	1.0000	2.6756	0.37375	135.31	173.18	1.1885	0.14892	0.24867	251.37	0.96039	3.1111e-05	0.011581	vapor
383.00	1.0000	2.6685	0.37474	135.46	173.43	1.1892	0.14892	0.24867	251.70	0.95594	3.1179e-05	0.011607	vapor
384.00	1.0000	2.6616	0.37572	135.61	173.68	1.1898	0.14892	0.24866	252.03	0.95151	3.1246e-05	0.011632	vapor
385.00	1.0000	2.6546	0.37670	135.76	173.93	1.1904	0.14892	0.24866	252.35	0.94711	3.1314e-05	0.011657	vapor
386.00	1.0000	2.6477	0.37768	135.91	174.18	1.1911	0.14892	0.24865	252.68	0.94274	3.1381e-05	0.011682	vapor
387.00	1.0000	2.6409	0.37866	136.06	174.43	1.1917	0.14892	0.24865	253.01	0.93840	3.1448e-05	0.011707	vapor
388.00	1.0000	2.6340	0.37965	136.21	174.68	1.1924	0.14891	0.24865	253.34	0.93408	3.1515e-05	0.011732	vapor
389.00	1.0000	2.6272	0.38063	136.36	174.93	1.1930	0.14891	0.24864	253.67	0.92979	3.1583e-05	0.011757	vapor
390.00	1.0000	2.6205	0.38161	136.51	175.17	1.1937	0.14891	0.24864	253.99	0.92552	3.1650e-05	0.011782	vapor
391.00	1.0000	2.6138	0.38259	136.66	175.42	1.1943	0.14891	0.24864	254.32	0.92128	3.1717e-05	0.011807	vapor
392.00	1.0000	2.6071	0.38357	136.81	175.67	1.1949	0.14891	0.24863	254.64	0.91707	3.1784e-05	0.011832	vapor
393.00	1.0000	2.6004	0.38455	136.96	175.92	1.1956	0.14891	0.24863	254.97	0.91289	3.1851e-05	0.011857	vapor
394.00	1.0000	2.5938	0.38554	137.10	176.17	1.1962	0.14891	0.24862	255.29	0.90872	3.1917e-05	0.011882	vapor
395.00	1.0000	2.5872	0.38652	137.25	176.42	1.1968	0.14891	0.24862	255.62	0.90459	3.1984e-05	0.011906	vapor
396.00	1.0000	2.5807	0.38750	137.40	176.67	1.1975	0.14891	0.24862	255.94	0.90048	3.2051e-05	0.011931	vapor
397.00	1.0000	2.5741	0.38848	137.55	176.91	1.1981	0.14891	0.24861	256.27	0.89639	3.2117e-05	0.011956	vapor
398.00	1.0000	2.5676	0.38946	137.70	177.16	1.1987	0.14891	0.24861	256.59	0.89233	3.2184e-05	0.011981	vapor
399.00	1.0000	2.5612	0.39044	137.85	177.41	1.1993	0.14891	0.24861	256.91	0.88829	3.2250e-05	0.012006	vapor
400.00	1.0000	2.5548	0.39143	138.00	177.66	1.2000	0.14891	0.24860	257.24	0.88428	3.2316e-05	0.012030	vapor
401.00	1.0000	2.5484	0.39241	138.15	177.91	1.2006	0.14891	0.24860	257.56	0.88029	3.2383e-05	0.012055	vapor
402.00	1.0000	2.5420	0.39339	138.30	178.16	1.2012	0.14891	0.24860	257.88	0.87632	3.2449e-05	0.012079	vapor
403.00	1.0000	2.5357	0.39437	138.45	178.41	1.2018	0.14891	0.24859	258.20	0.87238	3.2515e-05	0.012104	vapor
404.00	1.0000	2.5294	0.39535	138.60	178.65	1.2024	0.14891	0.24859	258.52	0.86846	3.2581e-05	0.012129	vapor
405.00	1.0000	2.5231	0.39633	138.74	178.90	1.2030	0.14891	0.24859	258.84	0.86456	3.2647e-05	0.012153	vapor
406.00	1.0000	2.5169	0.39731	138.89	179.15	1.2037	0.14890	0.24859	259.16	0.86069	3.2713e-05	0.012178	vapor
407.00	1.0000	2.5107	0.39830	139.04	179.40	1.2043	0.14890	0.24858	259.48	0.85683	3.2779e-05	0.012202	vapor
408.00	1.0000	2.5045	0.39928	139.19	179.65	1.2049	0.14890	0.24858	259.80	0.85301	3.2844e-05	0.012227	vapor
409.00	1.0000	2.4984	0.40026	139.34	179.90	1.2055	0.14890	0.24858	260.12	0.84920	3.2910e-05	0.012251	vapor
410.00	1.0000	2.4923	0.40124	139.49	180.15	1.2061	0.14890	0.24857	260.44	0.84541	3.2976e-05	0.012276	vapor
411.00	1.0000	2.4862	0.40222	139.64	180.39	1.2067	0.14890	0.24857	260.76	0.84165	3.3041e-05	0.012300	vapor
412.00	1.0000	2.4801	0.40320	139.79	180.64	1.2073	0.14890	0.24857	261.07	0.83791	3.3107e-05	0.012324	vapor
413.00	1.0000	2.4741	0.40418	139.94	180.89	1.2079	0.14890	0.24856	261.39	0.83419	3.3172e-05	0.012349	vapor
414.00	1.0000	2.4681	0.40517	140.09	181.14	1.2085	0.14890	0.24856	261.71	0.83049	3.3238e-05	0.012373	vapor
415.00	1.0000	2.4622	0.40615	140.24	181.39	1.2091	0.14890	0.24856	262.02	0.82681	3.3303e-05	0.012397	vapor
416.00	1.0000	2.4562	0.40713	140.39	181.64	1.2097	0.14890	0.24856	262.34	0.82316	3.3368e-05	0.012422	vapor
417.00	1.0000	2.4503	0.40811	140.53	181.89	1.2103	0.14890	0.24855	262.66	0.81952	3.3433e-05	0.012446	vapor
418.00	1.0000	2.4444	0.40909	140.68	182.13	1.2109	0.14890	0.24855	262.97	0.81591	3.3498e-05	0.012470	vapor
419.00	1.0000	2.4386	0.41007	140.83	182.38	1.2115	0.14890	0.24855	263.29	0.81231	3.3563e-05	0.012494	vapor
420.00	1.0000	2.4328	0.41105	140.98	182.63	1.2121	0.14890	0.24854	263.60	0.80874	3.3628e-05	0.012518	vapor
421.00	1.0000	2.4270	0.41204	141.13	182.88	1.2127	0.14890	0.24854	263.92	0.80518	3.3693e-05	0.012542	vapor
422.00	1.0000	2.4212	0.41302	141.28	183.13	1.2133	0.14890	0.24854	264.23	0.80165	3.3758e-05	0.012567	vapor
423.00	1.0000	2.4155	0.41400	141.43	183.38	1.2138	0.14890	0.24854	264.54	0.79813	3.3822e-05	0.012591	vapor
424.00	1.0000	2.4098	0.41498	141.58	183.63	1.2144	0.14890	0.24853	264.86	0.79463	3.3887e-05	0.012615	vapor
425.00	1.0000	2.4041	0.41596	141.73	183.87	1.2150	0.14890	0.24853	265.17	0.79116	3.3952e-05	0.012639	vapor
426.00	1.0000	2.3984	0.41694	141.88	184.12	1.2156	0.14890	0.24853	265.48	0.78770	3.4016e-05	0.012663	vapor
427.00	1.0000	2.3928	0.41792	142.03	184.37	1.2162	0.14890	0.24853	265.79	0.78426	3.4081e-05	0.012687	vapor
428.00	1.0000	2.3872	0.41890	142.17	184.62	1.2168	0.14890	0.24852	266.10	0.78084	3.4145e-05	0.012711	vapor
429.00	1.0000	2.3816	0.41989	142.32	184.87	1.2173	0.14889	0.24852	266.42	0.77744	3.4209e-05	0.012735	vapor
430.00	1.0000	2.3760	0.42087	142.47	185.12	1.2179	0.14889	0.24852	266.73	0.77406	3.4273e-05	0.012759	vapor
431.00	1.0000	2.3705	0.42185	142.62	185.37	1.2185	0.14889	0.24851	267.04	0.77070	3.4338e-05	0.012782	vapor
432.00	1.0000	2.3650	0.42283	142.77	185.61	1.2191	0.14889	0.24851	267.35	0.76735	3.4402e-05	0.012806	vapor
433.00	1.0000	2.3595	0.42381	142.92	185.86	1.2197	0.14889	0.24851	267.66	0.76402	3.4466e-05	0.012830	vapor
434.00	1.0000	2.3541	0.42479	143.07	186.11	1.2202	0.14889	0.24851	267.97	0.76071	3.4530e-05	0.012854	vapor
435.00	1.0000	2.3487	0.42577	143.22	186.36	1.2208	0.14889	0.24850	268.28	0.75742	3.4594e-05	0.012878	vapor
436.00	1.0000	2.3433	0.42675	143.37	186.61	1.2214	0.14889	0.24850	268.58	0.75415	3.4658e-05	0.012901	vapor
437.00	1.0000	2.3379	0.42774	143.52	186.86	1.2219	0.14889	0.24850	268.89	0.75089	3.4721e-05	0.012925	vapor
438.00	1.0000	2.3325	0.42872	143.67	187.11	1.2225	0.14889	0.24850	269.20	0.74765	3.4785e-05	0.012949	vapor
439.00	1.0000	2.3272	0.42970	143.81	187.35	1.2231	0.14889	0.24850	269.51	0.74443	3.4849e-05	0.012973	vapor
440.00	1.0000	2.3219	0.43068	143.96	187.60	1.2236	0.14889	0.24849	269.82	0.74123	3.4912e-05	0.012996	vapor
441.00	1.0000	2.3166	0.43166	144.11	187.85	1.2242	0.14889	0.24849	270.12	0.73804	3.4976e-05	0.013020	vapor
442.00	1.0000	2.3114	0.43264	144.26	188.10	1.2248	0.14889	0.24849	270.43	0.73487	3.5039e-05	0.013043	vapor
443.00	1.0000	2.3062	0.43362	144.41	188.35	1.2253	0.14889	0.24849	270.73	0.73171	3.5103e-05	0.013067	vapor
444.00	1.0000	2.3010	0.43460	144.56	188.60	1.2259	0.14889	0.24848	271.04	0.72858	3.5166e-05	0.013091	vapor
445.00	1.0000	2.2958	0.43558	144.71	188.84	1.2264	0.14889	0.24848	271.35	0.72545	3.5229e-05	0.013114	vapor
446.00	1.0000	2.2906	0.43657	144.86	189.09	1.2270	0.14889	0.24848	271.65	0.72235	3.5293e-05	0.013138	vapor
447.00	1.0000	2.2855	0.43755	145.01	189.34	1.2276	0.14889	0.24848	271.96	0.71926	3.5356e-05	0.013161	vapor
448.00	1.0000	2.2804	0.43853	145.16	189.59	1.2281	0.14889	0.24847	272.26	0.71619	3.5419e-05	0.013185	vapor
449.00	1.0000	2.2753	0.43951	145.31	189.84	1.2287	0.14889	0.24847	272.56	0.71313	3.5482e-05	0.013208	vapor
450.00	1.0000	2.2702	0.44049	145.45	190.09	1.2292	0.14889	0.24847	272.87	0.71009	3.5545e-05	0.013232	vapor
451.00	1.0000	2.2652	0.44147	145.60	190.34	1.2298	0.14889	0.24847	273.17	0.70706	3.5608e-05	0.013255	vapor
452.00	1.0000	2.2601	0.44245	145.75	190.58	1.2303	0.14889	0.24847	273.47	0.70406	3.5670e-05	0.013278	vapor
453.00	1.0000	2.2551	0.44343	145.90	190.83	1.2309	0.14889	0.24846	273.78	0.70106	3.5733e-05	0.013302	vapor
454.00	1.0000	2.2502	0.44441	146.05	191.08	1.2314	0.14889	0.24846	274.08	0.69808	3.5796e-05	0.013325	vapor
455.00	1.0000	2.2452	0.44539	146.20	191.33	1.2320	0.14889	0.24846	274.38	0.69512	3.5859e-05	0.013348	vapor
456.00	1.0000	2.2403	0.44638	146.35	191.58	1.2325	0.14889	0.24846	274.68	0.69217	3.5921e-05	0.013372	vapor
457.00	1.0000	2.2354	0.44736	146.50	191.83	1.2331	0.14889	0.24846	274.99	0.68924	3.5984e-05	0.013395	vapor
458.00	1.0000	2.2305	0.44834	146.65	192.07	1.2336	0.14889	0.24845	275.29	0.68632	3.6046e-05	0.013418	vapor
459.00	1.0000	2.2256	0.44932	146.80	192.32	1.2341	0.14888	0.24845	275.59	0.68341	3.6109e-05	0.013441	vapor
460.00	1.0000	2.2207	0.45030	146.94	192.57	1.2347	0.14888	0.24845	275.89	0.68052	3.6171e-05	0.013465	vapor
461.00	1.0000	2.2159	0.45128	147.09	192.82	1.2352	0.14888	0.24845	276.19	0.67765	3.6233e-05	0.013488	vapor
462.00	1.0000	2.2111	0.45226	147.24	193.07	1.2358	0.14888	0.24845	276.49	0.67479	3.6295e-05	0.013511	vapor
463.00	1.0000	2.2063	0.45324	147.39	193.32	1.2363	0.14888	0.24844	276.79	0.67194	3.6358e-05	0.013534	vapor
464.00	1.0000	2.2016	0.45422	147.54	193.57	1.2368	0.14888	0.24844	277.09	0.66911	3.6420e-05	0.013557	vapor
465.00	1.0000	2.1968	0.45520	147.69	193.81	1.2374	0.14888	0.24844	277.38	0.66629	3.6482e-05	0.013580	vapor
466.00	1.0000	2.1921	0.45618	147.84	194.06	1.2379	0.14888	0.24844	277.68	0.66349	3.6544e-05	0.013603	vapor
467.00	1.0000	2.1874	0.45717	147.99	194.31	1.2384	0.14888	0.24844	277.98	0.66070	3.6606e-05	0.013626	vapor
468.00	1.0000	2.1827	0.45815	148.14	194.56	1.2390	0.14888	0.24843	278.28	0.65792	3.6668e-05	0.013649	vapor
469.00	1.0000	2.1780	0.45913	148.29	194.81	1.2395	0.14888	0.24843	278.58	0.65516	3.6729e-05	0.013672	vapor
470.00	1.0000	2.1734	0.46011	148.44	195.06	1.2400	0.14888	0.24843	278.87	0.65241	3.6791e-05	0.013695	vapor
471.00	1.0000	2.1688	0.46109	148.58	195.30	1.2406	0.14888	0.24843	279.17	0.64968	3.6853e-05	0.013718	vapor
472.00	1.0000	2.1642	0.46207	148.73	195.55	1.2411	0.14888	0.24843	279.47	0.64695	3.6915e-05	0.013741	vapor
473.00	1.0000	2.1596	0.46305	148.88	195.80	1.2416	0.14888	0.24842	279.76	0.64424	3.6976e-05	0.013764	vapor
474.00	1.0000	2.1550	0.46403	149.03	196.05	1.2421	0.14888	0.24842	280.06	0.64155	3.7038e-05	0.013787	vapor
475.00	1.0000	2.1505	0.46501	149.18	196.30	1.2427	0.14888	0.24842	280.35	0.63887	3.7099e-05	0.013810	vapor
476.00	1.0000	2.1460	0.46599	149.33	196.55	1.2432	0.14888	0.24842	280.65	0.63620	3.7161e-05	0.013833	vapor
477.00	1.0000	2.1414	0.46697	149.48	196.79	1.2437	0.14888	0.24842	280.95	0.63354	3.7222e-05	0.013855	vapor
478.00	1.0000	2.1370	0.46795	149.63	197.04	1.2442	0.14888	0.24842	281.24	0.63090	3.7283e-05	0.013878	vapor
479.00	1.0000	2.1325	0.46893	149.78	197.29	1.2447	0.14888	0.24841	281.53	0.62826	3.7344e-05	0.013901	vapor
480.00	1.0000	2.1280	0.46992	149.93	197.54	1.2453	0.14888	0.24841	281.83	0.62565	3.7406e-05	0.013924	vapor
481.00	1.0000	2.1236	0.47090	150.07	197.79	1.2458	0.14888	0.24841	282.12	0.62304	3.7467e-05	0.013947	vapor
482.00	1.0000	2.1192	0.47188	150.22	198.04	1.2463	0.14888	0.24841	282.42	0.62045	3.7528e-05	0.013969	vapor
483.00	1.0000	2.1148	0.47286	150.37	198.29	1.2468	0.14888	0.24841	282.71	0.61787	3.7589e-05	0.013992	vapor
484.00	1.0000	2.1104	0.47384	150.52	198.53	1.2473	0.14888	0.24841	283.00	0.61530	3.7650e-05	0.014015	vapor
485.00	1.0000	2.1061	0.47482	150.67	198.78	1.2478	0.14888	0.24840	283.29	0.61274	3.7711e-05	0.014037	vapor
486.00	1.0000	2.1017	0.47580	150.82	199.03	1.2483	0.14888	0.24840	283.59	0.61020	3.7771e-05	0.014060	vapor
487.00	1.0000	2.0974	0.47678	150.97	199.28	1.2489	0.14888	0.24840	283.88	0.60766	3.7832e-05	0.014083	vapor
488.00	1.0000	2.0931	0.47776	151.12	199.53	1.2494	0.14888	0.24840	284.17	0.60514	3.7893e-05	0.014105	vapor
489.00	1.0000	2.0888	0.47874	151.27	199.78	1.2499	0.14888	0.24840	284.46	0.60263	3.7954e-05	0.014128	vapor
490.00	1.0000	2.0845	0.47972	151.42	200.02	1.2504	0.14888	0.24840	284.75	0.60014	3.8014e-05	0.014150	vapor
491.00	1.0000	2.0803	0.48070	151.57	200.27	1.2509	0.14888	0.24839	285.04	0.59765	3.8075e-05	0.014173	vapor
492.00	1.0000	2.0760	0.48168	151.71	200.52	1.2514	0.14888	0.24839	285.33	0.59518	3.8135e-05	0.014195	vapor
493.00	1.0000	2.0718	0.48267	151.86	200.77	1.2519	0.14888	0.24839	285.62	0.59272	3.8196e-05	0.014218	vapor
494.00	1.0000	2.0676	0.48365	152.01	201.02	1.2524	0.14888	0.24839	285.91	0.59026	3.8256e-05	0.014240	vapor
495.00	1.0000	2.0634	0.48463	152.16	201.27	1.2529	0.14888	0.24839	286.20	0.58783	3.8317e-05	0.014263	vapor
496.00	1.0000	2.0593	0.48561	152.31	201.51	1.2534	0.14888	0.24839	286.49	0.58540	3.8377e-05	0.014285	vapor
497.00	1.0000	2.0551	0.48659	152.46	201.76	1.2539	0.14888	0.24838	286.78	0.58298	3.8437e-05	0.014308	vapor
498.00	1.0000	2.0510	0.48757	152.61	202.01	1.2544	0.14888	0.24838	287.07	0.58057	3.8497e-05	0.014330	vapor
499.00	1.0000	2.0469	0.48855	152.76	202.26	1.2549	0.14888	0.24838	287.36	0.57818	3.8557e-05	0.014352	vapor
500.00	1.0000	2.0428	0.48953	152.91	202.51	1.2554	0.14888	0.24838	287.64	0.57580	3.8618e-05	0.014375	vapor
501.00	1.0000	2.0387	0.49051	153.06	202.76	1.2559	0.14888	0.24838	287.93	0.57342	3.8678e-05	0.014397	vapor
502.00	1.0000	2.0346	0.49149	153.20	203.00	1.2564	0.14888	0.24838	288.22	0.57106	3.8738e-05	0.014419	vapor
503.00	1.0000	2.0306	0.49247	153.35	203.25	1.2569	0.14887	0.24838	288.51	0.56871	3.8797e-05	0.014442	vapor
504.00	1.0000	2.0265	0.49345	153.50	203.50	1.2574	0.14887	0.24837	288.79	0.56637	3.8857e-05	0.014464	vapor
505.00	1.0000	2.0225	0.49443	153.65	203.75	1.2579	0.14887	0.24837	289.08	0.56404	3.8917e-05	0.014486	vapor
506.00	1.0000	2.0185	0.49541	153.80	204.00	1.2584	0.14887	0.24837	289.37	0.56172	3.8977e-05	0.014508	vapor
507.00	1.0000	2.0145	0.49639	153.95	204.25	1.2589	0.14887	0.24837	289.65	0.55941	3.9037e-05	0.014531	vapor
508.00	1.0000	2.0106	0.49737	154.10	204.50	1.2593	0.14887	0.24837	289.94	0.55711	3.9096e-05	0.014553	vapor
509.00	1.0000	2.0066	0.49836	154.25	204.74	1.2598	0.14887	0.24837	290.22	0.55482	3.9156e-05	0.014575	vapor
510.00	1.0000	2.0027	0.49934	154.40	204.99	1.2603	0.14887	0.24837	290.51	0.55255	3.9215e-05	0.014597	vapor
511.00	1.0000	1.9987	0.50032	154.55	205.24	1.2608	0.14887	0.24836	290.79	0.55028	3.9275e-05	0.014619	vapor
512.00	1.0000	1.9948	0.50130	154.69	205.49	1.2613	0.14887	0.24836	291.08	0.54802	3.9334e-05	0.014641	vapor
513.00	1.0000	1.9909	0.50228	154.84	205.74	1.2618	0.14887	0.24836	291.36	0.54577	3.9394e-05	0.014663	vapor
514.00	1.0000	1.9871	0.50326	154.99	205.99	1.2623	0.14887	0.24836	291.65	0.54353	3.9453e-05	0.014685	vapor
515.00	1.0000	1.9832	0.50424	155.14	206.23	1.2627	0.14887	0.24836	291.93	0.54131	3.9512e-05	0.014708	vapor
516.00	1.0000	1.9793	0.50522	155.29	206.48	1.2632	0.14887	0.24836	292.21	0.53909	3.9572e-05	0.014730	vapor
517.00	1.0000	1.9755	0.50620	155.44	206.73	1.2637	0.14887	0.24836	292.50	0.53688	3.9631e-05	0.014752	vapor
518.00	1.0000	1.9717	0.50718	155.59	206.98	1.2642	0.14887	0.24835	292.78	0.53468	3.9690e-05	0.014774	vapor
519.00	1.0000	1.9679	0.50816	155.74	207.23	1.2647	0.14887	0.24835	293.06	0.53249	3.9749e-05	0.014796	vapor
520.00	1.0000	1.9641	0.50914	155.89	207.48	1.2651	0.14887	0.24835	293.35	0.53031	3.9808e-05	0.014818	vapor
521.00	1.0000	1.9603	0.51012	156.04	207.72	1.2656	0.14887	0.24835	293.63	0.52814	3.9867e-05	0.014839	vapor
522.00	1.0000	1.9566	0.51110	156.18	207.97	1.2661	0.14887	0.24835	293.91	0.52598	3.9926e-05	0.014861	vapor
523.00	1.0000	1.9528	0.51208	156.33	208.22	1.2666	0.14887	0.24835	294.19	0.52383	3.9985e-05	0.014883	vapor
524.00	1.0000	1.9491	0.51306	156.48	208.47	1.2670	0.14887	0.24835	294.47	0.52169	4.0044e-05	0.014905	vapor
525.00	1.0000	1.9454	0.51404	156.63	208.72	1.2675	0.14887	0.24834	294.75	0.51956	4.0103e-05	0.014927	vapor
526.00	1.0000	1.9417	0.51502	156.78	208.97	1.2680	0.14887	0.24834	295.03	0.51744	4.0161e-05	0.014949	vapor
527.00	1.0000	1.9380	0.51600	156.93	209.21	1.2685	0.14887	0.24834	295.31	0.51532	4.0220e-05	0.014971	vapor
528.00	1.0000	1.9343	0.51698	157.08	209.46	1.2689	0.14887	0.24834	295.59	0.51322	4.0279e-05	0.014993	vapor
529.00	1.0000	1.9306	0.51797	157.23	209.71	1.2694	0.14887	0.24834	295.87	0.51112	4.0337e-05	0.015014	vapor
530.00	1.0000	1.9270	0.51895	157.38	209.96	1.2699	0.14887	0.24834	296.15	0.50904	4.0396e-05	0.015036	vapor
531.00	1.0000	1.9233	0.51993	157.53	210.21	1.2703	0.14887	0.24834	296.43	0.50696	4.0454e-05	0.015058	vapor
532.00	1.0000	1.9197	0.52091	157.67	210.46	1.2708	0.14887	0.24834	296.71	0.50489	4.0513e-05	0.015080	vapor
533.00	1.0000	1.9161	0.52189	157.82	210.70	1.2713	0.14887	0.24833	296.99	0.50283	4.0571e-05	0.015101	vapor
534.00	1.0000	1.9125	0.52287	157.97	210.95	1.2717	0.14887	0.24833	297.27	0.50078	4.0629e-05	0.015123	vapor
535.00	1.0000	1.9090	0.52385	158.12	211.20	1.2722	0.14887	0.24833	297.55	0.49874	4.0688e-05	0.015145	vapor
536.00	1.0000	1.9054	0.52483	158.27	211.45	1.2727	0.14887	0.24833	297.83	0.49671	4.0746e-05	0.015166	vapor
537.00	1.0000	1.9018	0.52581	158.42	211.70	1.2731	0.14887	0.24833	298.10	0.49468	4.0804e-05	0.015188	vapor
538.00	1.0000	1.8983	0.52679	158.57	211.95	1.2736	0.14887	0.24833	298.38	0.49266	4.0862e-05	0.015210	vapor
539.00	1.0000	1.8948	0.52777	158.72	212.19	1.2741	0.14887	0.24833	298.66	0.49066	4.0920e-05	0.015231	vapor
540.00	1.0000	1.8913	0.52875	158.87	212.44	1.2745	0.14887	0.24833	298.94	0.48866	4.0978e-05	0.015253	vapor
541.00	1.0000	1.8878	0.52973	159.02	212.69	1.2750	0.14887	0.24833	299.21	0.48667	4.1036e-05	0.015274	vapor
542.00	1.0000	1.8843	0.53071	159.16	212.94	1.2754	0.14887	0.24832	299.49	0.48468	4.1094e-05	0.015296	vapor
543.00	1.0000	1.8808	0.53169	159.31	213.19	1.2759	0.14887	0.24832	299.77	0.48271	4.1152e-05	0.015318	vapor
544.00	1.0000	1.8773	0.53267	159.46	213.44	1.2763	0.14887	0.24832	300.04	0.48074	4.1210e-05	0.015339	vapor
545.00	1.0000	1.8739	0.53365	159.61	213.68	1.2768	0.14887	0.24832	300.32	0.47878	4.1268e-05	0.015361	vapor
546.00	1.0000	1.8704	0.53463	159.76	213.93	1.2773	0.14887	0.24832	300.59	0.47683	4.1326e-05	0.015382	vapor
547.00	1.0000	1.8670	0.53561	159.91	214.18	1.2777	0.14887	0.24832	300.87	0.47489	4.1383e-05	0.015403	vapor
548.00	1.0000	1.8636	0.53659	160.06	214.43	1.2782	0.14887	0.24832	301.14	0.47296	4.1441e-05	0.015425	vapor
549.00	1.0000	1.8602	0.53757	160.21	214.68	1.2786	0.14887	0.24832	301.42	0.47103	4.1499e-05	0.015446	vapor
550.00	1.0000	1.8568	0.53855	160.36	214.93	1.2791	0.14887	0.24832	301.69	0.46912	4.1556e-05	0.015468	vapor
551.00	1.0000	1.8535	0.53953	160.51	215.17	1.2795	0.14887	0.24831	301.97	0.46721	4.1614e-05	0.015489	vapor
552.00	1.0000	1.8501	0.54051	160.65	215.42	1.2800	0.14887	0.24831	302.24	0.46530	4.1671e-05	0.015511	vapor
553.00	1.0000	1.8467	0.54149	160.80	215.67	1.2804	0.14887	0.24831	302.52	0.46341	4.1729e-05	0.015532	vapor
554.00	1.0000	1.8434	0.54248	160.95	215.92	1.2809	0.14887	0.24831	302.79	0.46152	4.1786e-05	0.015553	vapor
555.00	1.0000	1.8401	0.54346	161.10	216.17	1.2813	0.14887	0.24831	303.06	0.45965	4.1843e-05	0.015575	vapor
556.00	1.0000	1.8368	0.54444	161.25	216.42	1.2818	0.14887	0.24831	303.34	0.45777	4.1901e-05	0.015596	vapor
557.00	1.0000	1.8335	0.54542	161.40	216.66	1.2822	0.14887	0.24831	303.61	0.45591	4.1958e-05	0.015617	vapor
558.00	1.0000	1.8302	0.54640	161.55	216.91	1.2827	0.14887	0.24831	303.88	0.45405	4.2015e-05	0.015638	vapor
559.00	1.0000	1.8269	0.54738	161.70	217.16	1.2831	0.14887	0.24831	304.15	0.45221	4.2072e-05	0.015660	vapor
560.00	1.0000	1.8236	0.54836	161.85	217.41	1.2835	0.14887	0.24830	304.42	0.45037	4.2129e-05	0.015681	vapor
561.00	1.0000	1.8204	0.54934	162.00	217.66	1.2840	0.14887	0.24830	304.70	0.44853	4.2186e-05	0.015702	vapor
562.00	1.0000	1.8171	0.55032	162.14	217.91	1.2844	0.14887	0.24830	304.97	0.44671	4.2243e-05	0.015723	vapor
563.00	1.0000	1.8139	0.55130	162.29	218.15	1.2849	0.14887	0.24830	305.24	0.44489	4.2300e-05	0.015745	vapor
564.00	1.0000	1.8107	0.55228	162.44	218.40	1.2853	0.14887	0.24830	305.51	0.44308	4.2357e-05	0.015766	vapor
565.00	1.0000	1.8075	0.55326	162.59	218.65	1.2857	0.14887	0.24830	305.78	0.44127	4.2414e-05	0.015787	vapor
566.00	1.0000	1.8043	0.55424	162.74	218.90	1.2862	0.14887	0.24830	306.05	0.43948	4.2471e-05	0.015808	vapor
567.00	1.0000	1.8011	0.55522	162.89	219.15	1.2866	0.14887	0.24830	306.32	0.43769	4.2528e-05	0.015829	vapor
568.00	1.0000	1.7979	0.55620	163.04	219.39	1.2871	0.14887	0.24830	306.59	0.43590	4.2584e-05	0.015850	vapor
569.00	1.0000	1.7948	0.55718	163.19	219.64	1.2875	0.14887	0.24830	306.86	0.43413	4.2641e-05	0.015871	vapor
570.00	1.0000	1.7916	0.55816	163.34	219.89	1.2879	0.14887	0.24829	307.13	0.43236	4.2698e-05	0.015892	vapor
571.00	1.0000	1.7885	0.55914	163.48	220.14	1.2884	0.14887	0.24829	307.40	0.43060	4.2754e-05	0.015913	vapor
572.00	1.0000	1.7853	0.56012	163.63	220.39	1.2888	0.14886	0.24829	307.67	0.42884	4.2811e-05	0.015935	vapor
573.00	1.0000	1.7822	0.56110	163.78	220.64	1.2892	0.14886	0.24829	307.94	0.42710	4.2867e-05	0.015956	vapor
574.00	1.0000	1.7791	0.56208	163.93	220.88	1.2897	0.14886	0.24829	308.21	0.42536	4.2924e-05	0.015977	vapor
575.00	1.0000	1.7760	0.56306	164.08	221.13	1.2901	0.14886	0.24829	308.48	0.42362	4.2980e-05	0.015998	vapor
576.00	1.0000	1.7729	0.56404	164.23	221.38	1.2905	0.14886	0.24829	308.74	0.42189	4.3037e-05	0.016018	vapor
577.00	1.0000	1.7698	0.56502	164.38	221.63	1.2910	0.14886	0.24829	309.01	0.42017	4.3093e-05	0.016039	vapor
578.00	1.0000	1.7668	0.56600	164.53	221.88	1.2914	0.14886	0.24829	309.28	0.41846	4.3149e-05	0.016060	vapor
579.00	1.0000	1.7637	0.56698	164.68	222.13	1.2918	0.14886	0.24829	309.55	0.41675	4.3206e-05	0.016081	vapor
580.00	1.0000	1.7607	0.56796	164.83	222.37	1.2923	0.14886	0.24829	309.81	0.41505	4.3262e-05	0.016102	vapor
581.00	1.0000	1.7576	0.56894	164.97	222.62	1.2927	0.14886	0.24828	310.08	0.41336	4.3318e-05	0.016123	vapor
582.00	1.0000	1.7546	0.56992	165.12	222.87	1.2931	0.14886	0.24828	310.35	0.41167	4.3374e-05	0.016144	vapor
583.00	1.0000	1.7516	0.57090	165.27	223.12	1.2935	0.14886	0.24828	310.62	0.40999	4.3430e-05	0.016165	vapor
584.00	1.0000	1.7486	0.57188	165.42	223.37	1.2940	0.14886	0.24828	310.88	0.40832	4.3486e-05	0.016186	vapor
585.00	1.0000	1.7456	0.57286	165.57	223.62	1.2944	0.14886	0.24828	311.15	0.40665	4.3542e-05	0.016206	vapor
586.00	1.0000	1.7426	0.57384	165.72	223.86	1.2948	0.14886	0.24828	311.41	0.40499	4.3598e-05	0.016227	vapor
587.00	1.0000	1.7397	0.57482	165.87	224.11	1.2952	0.14886	0.24828	311.68	0.40334	4.3654e-05	0.016248	vapor
588.00	1.0000	1.7367	0.57580	166.02	224.36	1.2957	0.14886	0.24828	311.94	0.40169	4.3710e-05	0.016269	vapor
589.00	1.0000	1.7338	0.57678	166.17	224.61	1.2961	0.14886	0.24828	312.21	0.40005	4.3766e-05	0.016290	vapor
590.00	1.0000	1.7308	0.57776	166.32	224.86	1.2965	0.14886	0.24828	312.47	0.39841	4.3821e-05	0.016310	vapor
591.00	1.0000	1.7279	0.57874	166.46	225.11	1.2969	0.14886	0.24828	312.74	0.39678	4.3877e-05	0.016331	vapor
592.00	1.0000	1.7250	0.57972	166.61	225.35	1.2973	0.14886	0.24827	313.00	0.39516	4.3933e-05	0.016352	vapor
593.00	1.0000	1.7220	0.58070	166.76	225.60	1.2978	0.14886	0.24827	313.27	0.39354	4.3988e-05	0.016372	vapor
594.00	1.0000	1.7191	0.58168	166.91	225.85	1.2982	0.14886	0.24827	313.53	0.39193	4.4044e-05	0.016393	vapor
595.00	1.0000	1.7163	0.58267	167.06	226.10	1.2986	0.14886	0.24827	313.80	0.39033	4.4099e-05	0.016414	vapor
596.00	1.0000	1.7134	0.58365	167.21	226.35	1.2990	0.14886	0.24827	314.06	0.38873	4.4155e-05	0.016434	vapor
597.00	1.0000	1.7105	0.58463	167.36	226.60	1.2994	0.14886	0.24827	314.32	0.38714	4.4210e-05	0.016455	vapor
598.00	1.0000	1.7076	0.58561	167.51	226.84	1.2998	0.14886	0.24827	314.59	0.38555	4.4266e-05	0.016476	vapor
599.00	1.0000	1.7048	0.58659	167.66	227.09	1.3003	0.14886	0.24827	314.85	0.38397	4.4321e-05	0.016496	vapor
600.00	1.0000	1.7019	0.58757	167.80	227.34	1.3007	0.14886	0.24827	315.11	0.38239	4.4377e-05	0.016517	vapor
601.00	1.0000	1.6991	0.58855	167.95	227.59	1.3011	0.14886	0.24827	315.37	0.38083	4.4432e-05	0.016537	vapor
602.00	1.0000	1.6963	0.58953	168.10	227.84	1.3015	0.14886	0.24827	315.64	0.37926	4.4487e-05	0.016558	vapor
603.00	1.0000	1.6935	0.59051	168.25	228.08	1.3019	0.14886	0.24827	315.90	0.37771	4.4542e-05	0.016579	vapor
604.00	1.0000	1.6907	0.59149	168.40	228.33	1.3023	0.14886	0.24826	316.16	0.37615	4.4597e-05	0.016599	vapor
605.00	1.0000	1.6879	0.59247	168.55	228.58	1.3027	0.14886	0.24826	316.42	0.37461	4.4653e-05	0.016620	vapor
606.00	1.0000	1.6851	0.59345	168.70	228.83	1.3031	0.14886	0.24826	316.68	0.37307	4.4708e-05	0.016640	vapor
607.00	1.0000	1.6823	0.59443	168.85	229.08	1.3036	0.14886	0.24826	316.95	0.37154	4.4763e-05	0.016661	vapor
608.00	1.0000	1.6795	0.59541	169.00	229.33	1.3040	0.14886	0.24826	317.21	0.37001	4.4818e-05	0.016681	vapor
609.00	1.0000	1.6768	0.59639	169.15	229.57	1.3044	0.14886	0.24826	317.47	0.36849	4.4873e-05	0.016701	vapor
610.00	1.0000	1.6740	0.59737	169.29	229.82	1.3048	0.14886	0.24826	317.73	0.36697	4.4928e-05	0.016722	vapor
611.00	1.0000	1.6713	0.59835	169.44	230.07	1.3052	0.14886	0.24826	317.99	0.36546	4.4982e-05	0.016742	vapor
612.00	1.0000	1.6685	0.59933	169.59	230.32	1.3056	0.14886	0.24826	318.25	0.36395	4.5037e-05	0.016763	vapor
613.00	1.0000	1.6658	0.60031	169.74	230.57	1.3060	0.14886	0.24826	318.51	0.36245	4.5092e-05	0.016783	vapor
614.00	1.0000	1.6631	0.60129	169.89	230.82	1.3064	0.14886	0.24826	318.77	0.36096	4.5147e-05	0.016803	vapor
615.00	1.0000	1.6604	0.60227	170.04	231.06	1.3068	0.14886	0.24826	319.03	0.35947	4.5202e-05	0.016824	vapor
616.00	1.0000	1.6577	0.60325	170.19	231.31	1.3072	0.14886	0.24826	319.29	0.35798	4.5256e-05	0.016844	vapor
617.00	1.0000	1.6550	0.60423	170.34	231.56	1.3076	0.14886	0.24825	319.55	0.35651	4.5311e-05	0.016864	vapor
618.00	1.0000	1.6523	0.60521	170.49	231.81	1.3080	0.14886	0.24825	319.80	0.35503	4.5365e-05	0.016885	vapor
619.00	1.0000	1.6497	0.60619	170.63	232.06	1.3084	0.14886	0.24825	320.06	0.35357	4.5420e-05	0.016905	vapor
620.00	1.0000	1.6470	0.60717	170.78	232.31	1.3088	0.14886	0.24825	320.32	0.35210	4.5474e-05	0.016925	vapor
621.00	1.0000	1.6443	0.60815	170.93	232.55	1.3092	0.14886	0.24825	320.58	0.35065	4.5529e-05	0.016946	vapor
622.00	1.0000	1.6417	0.60913	171.08	232.80	1.3096	0.14886	0.24825	320.84	0.34920	4.5583e-05	0.016966	vapor
623.00	1.0000	1.6391	0.61011	171.23	233.05	1.3100	0.14886	0.24825	321.10	0.34775	4.5638e-05	0.016986	vapor
624.00	1.0000	1.6364	0.61109	171.38	233.30	1.3104	0.14886	0.24825	321.35	0.34631	4.5692e-05	0.017006	vapor
625.00	1.0000	1.6338	0.61207	171.53	233.55	1.3108	0.14886	0.24825	321.61	0.34487	4.5746e-05	0.017026	vapor
626.00	1.0000	1.6312	0.61305	171.68	233.79	1.3112	0.14886	0.24825	321.87	0.34344	4.5801e-05	0.017047	vapor
627.00	1.0000	1.6286	0.61403	171.83	234.04	1.3116	0.14886	0.24825	322.13	0.34202	4.5855e-05	0.017067	vapor
628.00	1.0000	1.6260	0.61501	171.98	234.29	1.3120	0.14886	0.24825	322.38	0.34059	4.5909e-05	0.017087	vapor
629.00	1.0000	1.6234	0.61599	172.12	234.54	1.3124	0.14886	0.24825	322.64	0.33918	4.5963e-05	0.017107	vapor
630.00	1.0000	1.6208	0.61697	172.27	234.79	1.3128	0.14886	0.24825	322.89	0.33777	4.6017e-05	0.017127	vapor
631.00	1.0000	1.6183	0.61795	172.42	235.04	1.3132	0.14886	0.24824	323.15	0.33636	4.6071e-05	0.017147	vapor
632.00	1.0000	1.6157	0.61893	172.57	235.28	1.3136	0.14886	0.24824	323.41	0.33496	4.6125e-05	0.017167	vapor
633.00	1.0000	1.6131	0.61991	172.72	235.53	1.3140	0.14886	0.24824	323.66	0.33357	4.6179e-05	0.017187	vapor
634.00	1.0000	1.6106	0.62089	172.87	235.78	1.3144	0.14886	0.24824	323.92	0.33218	4.6233e-05	0.017208	vapor
635.00	1.0000	1.6081	0.62187	173.02	236.03	1.3147	0.14886	0.24824	324.17	0.33079	4.6287e-05	0.017228	vapor
636.00	1.0000	1.6055	0.62285	173.17	236.28	1.3151	0.14886	0.24824	324.43	0.32941	4.6341e-05	0.017248	vapor
637.00	1.0000	1.6030	0.62383	173.32	236.53	1.3155	0.14886	0.24824	324.68	0.32804	4.6395e-05	0.017268	vapor
638.00	1.0000	1.6005	0.62481	173.46	236.77	1.3159	0.14886	0.24824	324.94	0.32667	4.6449e-05	0.017288	vapor
639.00	1.0000	1.5980	0.62579	173.61	237.02	1.3163	0.14886	0.24824	325.19	0.32530	4.6502e-05	0.017308	vapor
640.00	1.0000	1.5955	0.62677	173.76	237.27	1.3167	0.14886	0.24824	325.45	0.32394	4.6556e-05	0.017328	vapor
641.00	1.0000	1.5930	0.62775	173.91	237.52	1.3171	0.14886	0.24824	325.70	0.32258	4.6610e-05	0.017348	vapor
642.00	1.0000	1.5905	0.62873	174.06	237.77	1.3175	0.14886	0.24824	325.96	0.32123	4.6663e-05	0.017368	vapor
643.00	1.0000	1.5880	0.62971	174.21	238.01	1.3179	0.14886	0.24824	326.21	0.31988	4.6717e-05	0.017387	vapor
644.00	1.0000	1.5856	0.63069	174.36	238.26	1.3182	0.14886	0.24824	326.46	0.31854	4.6771e-05	0.017407	vapor
645.00	1.0000	1.5831	0.63167	174.51	238.51	1.3186	0.14886	0.24824	326.72	0.31720	4.6824e-05	0.017427	vapor
646.00	1.0000	1.5807	0.63265	174.66	238.76	1.3190	0.14886	0.24823	326.97	0.31587	4.6878e-05	0.017447	vapor
647.00	1.0000	1.5782	0.63363	174.81	239.01	1.3194	0.14886	0.24823	327.22	0.31454	4.6931e-05	0.017467	vapor
648.00	1.0000	1.5758	0.63461	174.95	239.26	1.3198	0.14886	0.24823	327.48	0.31322	4.6984e-05	0.017487	vapor
649.00	1.0000	1.5733	0.63559	175.10	239.50	1.3202	0.14886	0.24823	327.73	0.31190	4.7038e-05	0.017507	vapor
650.00	1.0000	1.5709	0.63657	175.25	239.75	1.3205	0.14886	0.24823	327.98	0.31059	4.7091e-05	0.017527	vapor
651.00	1.0000	1.5685	0.63755	175.40	240.00	1.3209	0.14886	0.24823	328.23	0.30928	4.7144e-05	0.017546	vapor
652.00	1.0000	1.5661	0.63853	175.55	240.25	1.3213	0.14886	0.24823	328.48	0.30797	4.7198e-05	0.017566	vapor
653.00	1.0000	1.5637	0.63951	175.70	240.50	1.3217	0.14886	0.24823	328.74	0.30667	4.7251e-05	0.017586	vapor
654.00	1.0000	1.5613	0.64049	175.85	240.75	1.3221	0.14886	0.24823	328.99	0.30538	4.7304e-05	0.017606	vapor
655.00	1.0000	1.5589	0.64147	176.00	240.99	1.3224	0.14886	0.24823	329.24	0.30408	4.7357e-05	0.017626	vapor
656.00	1.0000	1.5565	0.64245	176.15	241.24	1.3228	0.14886	0.24823	329.49	0.30280	4.7410e-05	0.017645	vapor
657.00	1.0000	1.5542	0.64343	176.29	241.49	1.3232	0.14886	0.24823	329.74	0.30151	4.7463e-05	0.017665	vapor
658.00	1.0000	1.5518	0.64441	176.44	241.74	1.3236	0.14886	0.24823	329.99	0.30023	4.7516e-05	0.017685	vapor
659.00	1.0000	1.5495	0.64539	176.59	241.99	1.3240	0.14886	0.24823	330.24	0.29896	4.7569e-05	0.017705	vapor
660.00	1.0000	1.5471	0.64637	176.74	242.23	1.3243	0.14886	0.24823	330.49	0.29769	4.7622e-05	0.017724	vapor
661.00	1.0000	1.5448	0.64735	176.89	242.48	1.3247	0.14886	0.24823	330.74	0.29642	4.7675e-05	0.017744	vapor
662.00	1.0000	1.5424	0.64833	177.04	242.73	1.3251	0.14886	0.24822	330.99	0.29516	4.7728e-05	0.017764	vapor
663.00	1.0000	1.5401	0.64931	177.19	242.98	1.3255	0.14886	0.24822	331.24	0.29391	4.7781e-05	0.017783	vapor
664.00	1.0000	1.5378	0.65029	177.34	243.23	1.3258	0.14886	0.24822	331.49	0.29265	4.7834e-05	0.017803	vapor
665.00	1.0000	1.5355	0.65127	177.49	243.48	1.3262	0.14886	0.24822	331.74	0.29141	4.7886e-05	0.017822	vapor
666.00	1.0000	1.5332	0.65225	177.63	243.72	1.3266	0.14886	0.24822	331.99	0.29016	4.7939e-05	0.017842	vapor
667.00	1.0000	1.5309	0.65323	177.78	243.97	1.3270	0.14886	0.24822	332.24	0.28892	4.7992e-05	0.017862	vapor
668.00	1.0000	1.5286	0.65421	177.93	244.22	1.3273	0.14886	0.24822	332.49	0.28769	4.8045e-05	0.017881	vapor
669.00	1.0000	1.5263	0.65519	178.08	244.47	1.3277	0.14886	0.24822	332.74	0.28645	4.8097e-05	0.017901	vapor
670.00	1.0000	1.5240	0.65617	178.23	244.72	1.3281	0.14886	0.24822	332.99	0.28523	4.8150e-05	0.017920	vapor
671.00	1.0000	1.5217	0.65715	178.38	244.97	1.3284	0.14886	0.24822	333.24	0.28400	4.8202e-05	0.017940	vapor
672.00	1.0000	1.5195	0.65813	178.53	245.21	1.3288	0.14886	0.24822	333.48	0.28278	4.8255e-05	0.017959	vapor
673.00	1.0000	1.5172	0.65911	178.68	245.46	1.3292	0.14886	0.24822	333.73	0.28157	4.8307e-05	0.017979	vapor
674.00	1.0000	1.5149	0.66009	178.83	245.71	1.3295	0.14886	0.24822	333.98	0.28036	4.8360e-05	0.017998	vapor
675.00	1.0000	1.5127	0.66107	178.98	245.96	1.3299	0.14886	0.24822	334.23	0.27915	4.8412e-05	0.018018	vapor
676.00	1.0000	1.5105	0.66205	179.12	246.21	1.3303	0.14886	0.24822	334.48	0.27795	4.8464e-05	0.018037	vapor
677.00	1.0000	1.5082	0.66303	179.27	246.45	1.3306	0.14886	0.24822	334.72	0.27675	4.8517e-05	0.018057	vapor
678.00	1.0000	1.5060	0.66401	179.42	246.70	1.3310	0.14886	0.24822	334.97	0.27555	4.8569e-05	0.018076	vapor
679.00	1.0000	1.5038	0.66499	179.57	246.95	1.3314	0.14886	0.24822	335.22	0.27436	4.8621e-05	0.018096	vapor
680.00	1.0000	1.5016	0.66597	179.72	247.20	1.3317	0.14886	0.24821	335.46	0.27317	4.8673e-05	0.018115	vapor
681.00	1.0000	1.4994	0.66695	179.87	247.45	1.3321	0.14886	0.24821	335.71	0.27199	4.8726e-05	0.018135	vapor
682.00	1.0000	1.4972	0.66793	180.02	247.70	1.3325	0.14886	0.24821	335.96	0.27081	4.8778e-05	0.018154	vapor
683.00	1.0000	1.4950	0.66891	180.17	247.94	1.3328	0.14886	0.24821	336.20	0.26964	4.8830e-05	0.018173	vapor
684.00	1.0000	1.4928	0.66989	180.32	248.19	1.3332	0.14886	0.24821	336.45	0.26846	4.8882e-05	0.018193	vapor
685.00	1.0000	1.4906	0.67087	180.46	248.44	1.3336	0.14886	0.24821	336.69	0.26730	4.8934e-05	0.018212	vapor
686.00	1.0000	1.4884	0.67185	180.61	248.69	1.3339	0.14886	0.24821	336.94	0.26613	4.8986e-05	0.018231	vapor
687.00	1.0000	1.4863	0.67283	180.76	248.94	1.3343	0.14886	0.24821	337.19	0.26497	4.9038e-05	0.018251	vapor
688.00	1.0000	1.4841	0.67381	180.91	249.18	1.3346	0.14886	0.24821	337.43	0.26382	4.9090e-05	0.018270	vapor
689.00	1.0000	1.4820	0.67479	181.06	249.43	1.3350	0.14886	0.24821	337.68	0.26266	4.9142e-05	0.018289	vapor
690.00	1.0000	1.4798	0.67577	181.21	249.68	1.3354	0.14886	0.24821	337.92	0.26151	4.9194e-05	0.018309	vapor
691.00	1.0000	1.4777	0.67675	181.36	249.93	1.3357	0.14886	0.24821	338.17	0.26037	4.9245e-05	0.018328	vapor
692.00	1.0000	1.4755	0.67773	181.51	250.18	1.3361	0.14886	0.24821	338.41	0.25923	4.9297e-05	0.018347	vapor
693.00	1.0000	1.4734	0.67871	181.66	250.43	1.3364	0.14886	0.24821	338.65	0.25809	4.9349e-05	0.018366	vapor
694.00	1.0000	1.4713	0.67969	181.80	250.67	1.3368	0.14886	0.24821	338.90	0.25696	4.9401e-05	0.018386	vapor
695.00	1.0000	1.4691	0.68067	181.95	250.92	1.3372	0.14886	0.24821	339.14	0.25583	4.9452e-05	0.018405	vapor
696.00	1.0000	1.4670	0.68165	182.10	251.17	1.3375	0.14886	0.24821	339.39	0.25470	4.9504e-05	0.018424	vapor
697.00	1.0000	1.4649	0.68263	182.25	251.42	1.3379	0.14886	0.24821	339.63	0.25358	4.9556e-05	0.018443	vapor
698.00	1.0000	1.4628	0.68361	182.40	251.67	1.3382	0.14886	0.24821	339.87	0.25246	4.9607e-05	0.018462	vapor
699.00	1.0000	1.4607	0.68459	182.55	251.91	1.3386	0.14885	0.24820	340.12	0.25134	4.9659e-05	0.018482	vapor
700.00	1.0000	1.4587	0.68557	182.70	252.16	1.3389	0.14885	0.24820	340.36	0.25023	4.9710e-05	0.018501	vapor
701.00	1.0000	1.4566	0.68655	182.85	252.41	1.3393	0.14885	0.24820	340.60	0.24912	4.9762e-05	0.018520	vapor
702.00	1.0000	1.4545	0.68752	183.00	252.66	1.3396	0.14885	0.24820	340.85	0.24801	4.9813e-05	0.018539	vapor
703.00	1.0000	1.4524	0.68850	183.15	252.91	1.3400	0.14885	0.24820	341.09	0.24691	4.9864e-05	0.018558	vapor
704.00	1.0000	1.4504	0.68948	183.29	253.16	1.3404	0.14885	0.24820	341.33	0.24582	4.9916e-05	0.018577	vapor
705.00	1.0000	1.4483	0.69046	183.44	253.40	1.3407	0.14885	0.24820	341.57	0.24472	4.9967e-05	0.018596	vapor
706.00	1.0000	1.4462	0.69144	183.59	253.65	1.3411	0.14885	0.24820	341.82	0.24363	5.0018e-05	0.018615	vapor
707.00	1.0000	1.4442	0.69242	183.74	253.90	1.3414	0.14885	0.24820	342.06	0.24254	5.0070e-05	0.018635	vapor
708.00	1.0000	1.4422	0.69340	183.89	254.15	1.3418	0.14885	0.24820	342.30	0.24146	5.0121e-05	0.018654	vapor
709.00	1.0000	1.4401	0.69438	184.04	254.40	1.3421	0.14885	0.24820	342.54	0.24038	5.0172e-05	0.018673	vapor
710.00	1.0000	1.4381	0.69536	184.19	254.65	1.3425	0.14885	0.24820	342.78	0.23930	5.0223e-05	0.018692	vapor
711.00	1.0000	1.4361	0.69634	184.34	254.89	1.3428	0.14885	0.24820	343.02	0.23823	5.0274e-05	0.018711	vapor
712.00	1.0000	1.4341	0.69732	184.49	255.14	1.3432	0.14885	0.24820	343.26	0.23716	5.0326e-05	0.018730	vapor
713.00	1.0000	1.4320	0.69830	184.63	255.39	1.3435	0.14885	0.24820	343.51	0.23609	5.0377e-05	0.018749	vapor
714.00	1.0000	1.4300	0.69928	184.78	255.64	1.3439	0.14885	0.24820	343.75	0.23503	5.0428e-05	0.018768	vapor
715.00	1.0000	1.4280	0.70026	184.93	255.89	1.3442	0.14885	0.24820	343.99	0.23397	5.0479e-05	0.018787	vapor
716.00	1.0000	1.4260	0.70124	185.08	256.13	1.3445	0.14885	0.24820	344.23	0.23291	5.0530e-05	0.018806	vapor
717.00	1.0000	1.4240	0.70222	185.23	256.38	1.3449	0.14885	0.24820	344.47	0.23185	5.0580e-05	0.018825	vapor
718.00	1.0000	1.4221	0.70320	185.38	256.63	1.3452	0.14885	0.24820	344.71	0.23080	5.0631e-05	0.018843	vapor
719.00	1.0000	1.4201	0.70418	185.53	256.88	1.3456	0.14885	0.24820	344.95	0.22976	5.0682e-05	0.018862	vapor
720.00	1.0000	1.4181	0.70516	185.68	257.13	1.3459	0.14885	0.24819	345.19	0.22871	5.0733e-05	0.018881	vapor
721.00	1.0000	1.4161	0.70614	185.83	257.38	1.3463	0.14885	0.24819	345.43	0.22767	5.0784e-05	0.018900	vapor
722.00	1.0000	1.4142	0.70712	185.97	257.62	1.3466	0.14885	0.24819	345.67	0.22664	5.0835e-05	0.018919	vapor
723.00	1.0000	1.4122	0.70810	186.12	257.87	1.3470	0.14885	0.24819	345.91	0.22560	5.0885e-05	0.018938	vapor
724.00	1.0000	1.4103	0.70908	186.27	258.12	1.3473	0.14885	0.24819	346.14	0.22457	5.0936e-05	0.018957	vapor
725.00	1.0000	1.4083	0.71006	186.42	258.37	1.3476	0.14885	0.24819	346.38	0.22354	5.0987e-05	0.018976	vapor
726.00	1.0000	1.4064	0.71104	186.57	258.62	1.3480	0.14885	0.24819	346.62	0.22252	5.1037e-05	0.018994	vapor
727.00	1.0000	1.4045	0.71202	186.72	258.86	1.3483	0.14885	0.24819	346.86	0.22150	5.1088e-05	0.019013	vapor
728.00	1.0000	1.4025	0.71300	186.87	259.11	1.3487	0.14885	0.24819	347.10	0.22048	5.1138e-05	0.019032	vapor
729.00	1.0000	1.4006	0.71398	187.02	259.36	1.3490	0.14885	0.24819	347.34	0.21946	5.1189e-05	0.019051	vapor
730.00	1.0000	1.3987	0.71496	187.17	259.61	1.3494	0.14885	0.24819	347.58	0.21845	5.1239e-05	0.019070	vapor
731.00	1.0000	1.3968	0.71594	187.31	259.86	1.3497	0.14885	0.24819	347.81	0.21744	5.1290e-05	0.019088	vapor
732.00	1.0000	1.3949	0.71692	187.46	260.11	1.3500	0.14885	0.24819	348.05	0.21644	5.1340e-05	0.019107	vapor
733.00	1.0000	1.3930	0.71790	187.61	260.35	1.3504	0.14885	0.24819	348.29	0.21544	5.1391e-05	0.019126	vapor
734.00	1.0000	1.3911	0.71888	187.76	260.60	1.3507	0.14885	0.24819	348.53	0.21444	5.1441e-05	0.019145	vapor
735.00	1.0000	1.3892	0.71986	187.91	260.85	1.3510	0.14885	0.24819	348.76	0.21344	5.1491e-05	0.019163	vapor
736.00	1.0000	1.3873	0.72084	188.06	261.10	1.3514	0.14885	0.24819	349.00	0.21245	5.1542e-05	0.019182	vapor
737.00	1.0000	1.3854	0.72182	188.21	261.35	1.3517	0.14885	0.24819	349.24	0.21146	5.1592e-05	0.019201	vapor
738.00	1.0000	1.3835	0.72280	188.36	261.59	1.3521	0.14885	0.24819	349.47	0.21047	5.1642e-05	0.019219	vapor
739.00	1.0000	1.3816	0.72378	188.51	261.84	1.3524	0.14885	0.24819	349.71	0.20948	5.1692e-05	0.019238	vapor
740.00	1.0000	1.3798	0.72476	188.65	262.09	1.3527	0.14885	0.24819	349.95	0.20850	5.1742e-05	0.019257	vapor
741.00	1.0000	1.3779	0.72574	188.80	262.34	1.3531	0.14885	0.24819	350.18	0.20753	5.1793e-05	0.019275	vapor
742.00	1.0000	1.3761	0.72672	188.95	262.59	1.3534	0.14885	0.24819	350.42	0.20655	5.1843e-05	0.019294	vapor
743.00	1.0000	1.3742	0.72770	189.10	262.84	1.3537	0.14885	0.24819	350.66	0.20558	5.1893e-05	0.019313	vapor
744.00	1.0000	1.3723	0.72868	189.25	263.08	1.3541	0.14885	0.24818	350.89	0.20461	5.1943e-05	0.019331	vapor
745.00	1.0000	1.3705	0.72966	189.40	263.33	1.3544	0.14885	0.24818	351.13	0.20364	5.1993e-05	0.019350	vapor
746.00	1.0000	1.3687	0.73064	189.55	263.58	1.3547	0.14885	0.24818	351.36	0.20268	5.2043e-05	0.019368	vapor
747.00	1.0000	1.3668	0.73162	189.70	263.83	1.3551	0.14885	0.24818	351.60	0.20172	5.2093e-05	0.019387	vapor
748.00	1.0000	1.3650	0.73260	189.85	264.08	1.3554	0.14885	0.24818	351.83	0.20076	5.2143e-05	0.019406	vapor
749.00	1.0000	1.3632	0.73358	190.00	264.32	1.3557	0.14885	0.24818	352.07	0.19980	5.2192e-05	0.019424	vapor
750.00	1.0000	1.3614	0.73456	190.14	264.57	1.3561	0.14885	0.24818	352.30	0.19885	5.2242e-05	0.019443	vapor
